episode,return,length,timesteps
0,-43.93130874633789,276,276
1,-87.89623260498047,1659,1935
2,-0.021040599793195724,112,2047
3,-0.04437904804944992,104,2151
4,-0.016264477744698524,113,2264
5,-5.429084777832031,578,2842
6,-0.017348473891615868,147,2989
7,-0.01674915850162506,184,3173
8,-0.042951300740242004,160,3333
9,-0.01992976851761341,116,3449
10,-0.014968711882829666,150,3599
11,-14.216257095336914,870,4469
12,-0.02460496500134468,96,4565
13,-0.021039098501205444,66,4631
14,-0.017633536830544472,105,4736
15,-0.043042123317718506,80,4816
16,-0.043128952383995056,88,4904
17,-0.013509413227438927,110,5014
18,-0.017678463831543922,102,5116
19,-20.3779296875,1076,6192
20,-8.940878868103027,577,6769
21,-0.02241605520248413,102,6871
22,-0.044675152748823166,159,7030
23,-0.01758461445569992,92,7122
24,-0.04338579252362251,121,7243
25,-0.011317277327179909,191,7434
26,-0.04177354648709297,73,7507
27,-0.043381910771131516,70,7577
28,-0.04397675767540932,122,7699
29,-0.010256629437208176,136,7835
30,-17.16802215576172,1031,8866
31,-0.02044695056974888,93,8959
32,-0.04382719472050667,90,9049
33,-0.04381824657320976,110,9159
34,-0.043488938361406326,60,9219
35,-24.06511688232422,1189,10408
36,-0.020757336169481277,86,10494
37,-0.03209691122174263,100,10594
38,-16.697742462158203,939,11533
39,-0.04376085102558136,151,11684
40,-0.004628822207450867,145,11829
41,-0.042901329696178436,69,11898
42,-23.32715606689453,1107,13005
43,-0.043029267340898514,116,13121
44,-0.0098472461104393,210,13331
45,-0.04266369342803955,65,13396
46,-0.043694570660591125,120,13516
47,-0.01901872642338276,65,13581
48,-0.02274683117866516,67,13648
49,-0.021458646282553673,64,13712
50,-0.04254506155848503,77,13789
51,0.00877378135919571,185,13974
52,-21.388376235961914,1104,15078
53,-0.014953242614865303,104,15182
54,-0.019197635352611542,77,15259
55,-0.04241660609841347,69,15328
56,-0.014876967296004295,202,15530
57,-0.0333632193505764,72,15602
58,-0.009383995085954666,126,15728
59,-0.03409678488969803,90,15818
60,-0.024584367871284485,70,15888
61,-0.04359158128499985,161,16049
62,-0.042225662618875504,76,16125
63,-0.0428973026573658,101,16226
64,-0.04331289604306221,160,16386
65,-0.04263707622885704,84,16470
66,0.0008924044668674469,166,16636
67,-0.02108505181968212,73,16709
68,-0.04141076281666756,63,16772
69,-0.04257935285568237,76,16848
70,-0.04251109063625336,72,16920
71,-0.020587459206581116,69,16989
72,-0.02096162736415863,59,17048
73,-0.01880662329494953,57,17105
74,-0.020217062905430794,49,17154
75,-3.402796506881714,519,17673
76,-0.03675394877791405,56,17729
77,-0.016194995492696762,92,17821
78,-0.043301764875650406,160,17981
79,-0.043007634580135345,96,18077
80,-0.020648183301091194,43,18120
81,-0.016777362674474716,67,18187
82,-0.013155516237020493,85,18272
83,-0.04272361472249031,69,18341
84,-0.0446331612765789,342,18683
85,-0.04256514459848404,52,18735
86,-0.01989535056054592,72,18807
87,-0.019798018038272858,55,18862
88,-0.021235845983028412,67,18929
89,-0.043059736490249634,78,19007
90,-0.02383233606815338,66,19073
91,-0.021534500643610954,62,19135
92,-0.042873021215200424,71,19206
93,-0.04230507090687752,76,19282
94,-0.043203774839639664,80,19362
95,-0.03696891665458679,87,19449
96,-0.0198941882699728,93,19542
97,-14.544865608215332,798,20340
98,-0.019056471064686775,88,20428
99,-10.527504920959473,801,21229
100,-0.04302895441651344,63,21292
101,-0.04308624565601349,63,21355
102,-0.04308407008647919,115,21470
103,-0.04075157642364502,98,21568
104,-0.043305475264787674,68,21636
105,-0.02597655914723873,94,21730
106,-0.020566094666719437,138,21868
107,-0.02136637270450592,56,21924
108,-0.045176561921834946,214,22138
109,-0.01563388481736183,210,22348
110,-22.776573181152344,1114,23462
111,-0.037431903183460236,64,23526
112,-0.01965140365064144,69,23595
113,-0.03496786952018738,55,23650
114,-13.033188819885254,848,24498
115,-0.02136959694325924,49,24547
116,-0.024066345766186714,53,24600
117,-0.02169039100408554,60,24660
118,-0.02135215699672699,100,24760
119,-0.02157221920788288,59,24819
120,-0.013364508748054504,97,24916
121,-0.04388241842389107,118,25034
122,-16.647245407104492,883,25917
123,-0.0243807565420866,66,25983
124,-0.047910455614328384,307,26290
125,-0.008465047925710678,155,26445
126,-15.49047565460205,971,27416
127,-0.043013133108615875,65,27481
128,-0.02192879281938076,128,27609
129,-0.04353439807891846,104,27713
130,-0.04305762052536011,62,27775
131,-0.04119971767067909,142,27917
132,-0.02005181647837162,93,28010
133,-0.048088960349559784,331,28341
134,-0.015556840226054192,124,28465
135,0.005554031580686569,187,28652
136,-0.04352755472064018,76,28728
137,-0.019124608486890793,73,28801
138,0.025703761726617813,278,29079
139,-0.021251169964671135,55,29134
140,0.0258881077170372,278,29412
141,-0.04361560195684433,85,29497
142,-14.772420883178711,769,30266
143,-0.04347025975584984,64,30330
144,0.04457410052418709,253,30583
145,-16.379159927368164,879,31462
146,-0.03490236774086952,59,31521
147,-0.004379246383905411,133,31654
148,-16.216442108154297,848,32502
149,-16.00278663635254,1343,33845
150,-0.008882928639650345,75,33920
151,-0.016483694314956665,114,34034
152,-0.013757465407252312,106,34140
153,-0.00180087611079216,119,34259
154,-0.0034153200685977936,124,34383
155,0.016968250274658203,256,34639
156,-0.04366978257894516,83,34722
157,-0.013055087998509407,105,34827
158,-19.699764251708984,1043,35870
159,-0.0431741438806057,64,35934
160,-17.16261100769043,1140,37074
161,-0.014529138803482056,86,37160
162,-12.416075706481934,849,38009
163,-0.01565128192305565,84,38093
164,-0.028738155961036682,104,38197
165,-0.018746305257081985,91,38288
166,-0.010968690738081932,132,38420
167,-0.0440753810107708,176,38596
168,-0.006400402635335922,106,38702
169,-0.0426260381937027,75,38777
170,-0.0021696947515010834,151,38928
171,-0.021675674244761467,59,38987
172,-0.04374157264828682,166,39153
173,-0.043368302285671234,69,39222
174,-6.942295551300049,508,39730
175,-0.04316876828670502,55,39785
176,-0.04374643415212631,96,39881
177,-0.02623414248228073,152,40033
178,-0.04429159685969353,116,40149
179,-0.04466375336050987,135,40284
180,-13.460846900939941,741,41025
181,-0.02103273943066597,59,41084
182,-0.012659836560487747,119,41203
183,-0.020039290189743042,89,41292
184,-0.030661094933748245,127,41419
185,-2.584130048751831,361,41780
186,-0.0161913949996233,104,41884
187,-0.02191225066781044,64,41948
188,-0.01702810823917389,88,42036
189,-0.04417023807764053,103,42139
190,-0.03025451861321926,105,42244
191,-0.029350414872169495,236,42480
192,-0.04457481950521469,110,42590
193,-0.04183313250541687,282,42872
194,-0.0005237981677055359,130,43002
195,0.11660104990005493,360,43362
196,-0.04413195326924324,103,43465
197,-0.01814788579940796,93,43558
198,0.14654013514518738,325,43883
199,-0.02156279981136322,63,43946
200,-14.056497573852539,781,44727
201,-20.543874740600586,994,45721
202,-13.700414657592773,729,46450
203,-0.037911657243967056,95,46545
204,-0.0009709857404232025,123,46668
205,-15.315897941589355,772,47440
206,-0.04422612488269806,100,47540
207,-0.04428497701883316,191,47731
208,-0.018114127218723297,359,48090
209,-0.04386373236775398,88,48178
210,-24.96266746520996,1201,49379
211,-0.020598266273736954,85,49464
212,0.11789732426404953,216,49680
213,-0.016352497041225433,128,49808
214,-18.455846786499023,946,50754
215,0.005829311907291412,217,50971
216,-0.019395586103200912,90,51061
217,-0.03058028779923916,155,51216
218,-10.456978797912598,727,51943
219,-0.034625038504600525,73,52016
220,-0.04342511668801308,86,52102
221,0.009846139699220657,134,52236
222,0.03495939075946808,172,52408
223,-0.044960349798202515,169,52577
224,-13.642843246459961,773,53350
225,-13.04079818725586,719,54069
226,-0.04398851841688156,109,54178
227,-13.297874450683594,727,54905
228,-0.024954063817858696,101,55006
229,-0.10858181118965149,298,55304
230,-18.232515335083008,939,56243
231,-16.703994750976562,880,57123
232,-0.04366661608219147,106,57229
233,0.007615931332111359,150,57379
234,-0.007860198616981506,126,57505
235,-8.74383544921875,541,58046
236,-0.018128221854567528,257,58303
237,-0.043908845633268356,130,58433
238,-11.184879302978516,677,59110
239,-0.04665076732635498,264,59374
240,-11.4607515335083,971,60345
241,-0.04389824718236923,82,60427
242,-17.287742614746094,904,61331
243,-9.953215599060059,662,61993
244,-0.009933307766914368,89,62082
245,-18.27275276184082,1000,63082
246,-11.676854133605957,806,63888
247,0.051008258014917374,255,64143
248,-1.1925686597824097,304,64447
249,-5.325284957885742,517,64964
250,-13.71547794342041,845,65809
251,-12.90541934967041,676,66485
252,-0.03703707084059715,100,66585
253,-0.02079620771110058,105,66690
254,0.027216166257858276,257,66947
255,-0.061191149055957794,257,67204
256,-0.04744774475693703,381,67585
257,-0.016959454864263535,91,67676
258,-0.017656605690717697,88,67764
259,-0.016290908679366112,458,68222
260,-0.04431610926985741,103,68325
261,-4.211496353149414,586,68911
262,-0.04395928978919983,68,68979
263,-0.015280049294233322,159,69138
264,-0.007070343941450119,178,69316
265,-0.044347040355205536,97,69413
266,-0.04398022219538689,79,69492
267,-25.766830444335938,1314,70806
268,-0.04194588586688042,98,70904
269,-0.04774949327111244,199,71103
270,-16.395328521728516,947,72050
271,-0.022680407389998436,59,72109
272,-0.0047918036580085754,98,72207
273,-21.307525634765625,1216,73423
274,-0.044664040207862854,146,73569
275,-0.024679863825440407,268,73837
276,-0.04351775720715523,61,73898
277,-0.043887920677661896,94,73992
278,-0.01941455528140068,81,74073
279,-0.021511459723114967,75,74148
280,-0.02199011854827404,70,74218
281,-0.044228848069906235,94,74312
282,-86.67778778076172,3833,78145
283,0.009130887687206268,268,78413
284,-0.03502875939011574,107,78520
285,-0.018427500501275063,87,78607
286,0.036620210856199265,142,78749
287,-16.285993576049805,971,79720
288,-0.012574326246976852,194,79914
289,-51.712913513183594,2476,82390
290,-20.567317962646484,1091,83481
291,-13.306209564208984,735,84216
292,-13.849145889282227,795,85011
293,-22.837505340576172,1196,86207
294,-12.230648040771484,699,86906
295,-0.021255478262901306,64,86970
296,-0.04240476340055466,66,87036
297,-12.148199081420898,673,87709
298,-0.02125004678964615,63,87772
299,0.07078838348388672,233,88005
300,-0.020766546949744225,73,88078
301,-0.040358494967222214,54,88132
302,-8.161896705627441,701,88833
303,-0.043174177408218384,108,88941
304,-0.022226883098483086,63,89004
305,-0.042250897735357285,49,89053
306,-0.04310730844736099,109,89162
307,-0.043041031807661057,95,89257
308,-0.020964816212654114,69,89326
309,-0.025991011410951614,70,89396
310,-0.018956005573272705,82,89478
311,-0.018619012087583542,137,89615
312,-17.00771713256836,967,90582
313,-24.282949447631836,1155,91737
314,-1.3310999870300293,292,92029
315,0.010699238628149033,190,92219
316,-0.0007362551987171173,112,92331
317,-0.023281337693333626,67,92398
318,-12.380563735961914,681,93079
319,-13.071199417114258,714,93793
320,-0.010394737124443054,101,93894
321,-0.04303035885095596,78,93972
322,-0.04246927425265312,62,94034
323,-0.021053198724985123,58,94092
324,0.0012593530118465424,109,94201
325,-0.04259231314063072,70,94271
326,-0.01350623182952404,81,94352
327,-0.04263138398528099,156,94508
328,-0.020101984962821007,84,94592
329,-0.042591556906700134,72,94664
330,-17.577287673950195,1037,95701
331,-0.04495130106806755,166,95867
332,-0.04244646802544594,61,95928
333,-0.04277056083083153,176,96104
334,0.1382266730070114,186,96290
335,-15.810653686523438,822,97112
336,-11.0988187789917,706,97818
337,0.018056727945804596,179,97997
338,-0.043974868953228,143,98140
339,-12.72596549987793,741,98881
340,-0.023387379944324493,59,98940
341,-5.182706356048584,540,99480
342,-0.017791200429201126,80,99560
343,-0.020510386675596237,75,99635
344,-0.04283798113465309,152,99787
345,-0.04368528723716736,116,99903
346,-0.044950712472200394,169,100072
347,-0.012229057028889656,117,100189
348,-0.04278643801808357,72,100261
349,-0.042492207139730453,57,100318
350,-0.04263990744948387,74,100392
351,-11.610015869140625,690,101082
352,-10.003244400024414,635,101717
353,-0.04267161339521408,79,101796
354,-0.004601046442985535,106,101902
355,-0.021197831258177757,54,101956
356,0.13694079220294952,205,102161
357,-17.723379135131836,1085,103246
358,-0.02129668928682804,77,103323
359,-0.02124335989356041,52,103375
360,-0.020112089812755585,164,103539
361,-0.04269566759467125,71,103610
362,-0.021729428321123123,124,103734
363,-0.04261849448084831,64,103798
364,-0.04281754419207573,60,103858
365,-0.042759690433740616,63,103921
366,-0.042851388454437256,81,104002
367,-0.042905788868665695,74,104076
368,-0.020283373072743416,69,104145
369,-9.039689064025879,688,104833
370,-0.021134018898010254,65,104898
371,-0.007426328957080841,72,104970
372,-10.458890914916992,710,105680
373,-0.04244222119450569,55,105735
374,-0.03137047961354256,85,105820
375,-0.03663773089647293,60,105880
376,-0.008500151336193085,91,105971
377,-0.04280297830700874,76,106047
378,-0.04285391420125961,89,106136
379,-0.020827073603868484,62,106198
380,-0.041269976645708084,68,106266
381,-0.020359762012958527,80,106346
382,-0.04297563433647156,78,106424
383,-0.021052220836281776,54,106478
384,-0.04269041121006012,69,106547
385,-0.021070685237646103,63,106610
386,-0.042899418622255325,72,106682
387,-0.02085922472178936,62,106744
388,-0.04253993183374405,68,106812
389,-0.04269580543041229,58,106870
390,-0.014235831797122955,89,106959
391,-0.021343369036912918,78,107037
392,-0.038087859749794006,58,107095
393,-0.042630843818187714,72,107167
394,-0.01886489801108837,67,107234
395,-0.04249615594744682,55,107289
396,-0.04258726164698601,57,107346
397,-0.04292019084095955,96,107442
398,-0.03872033953666687,107,107549
399,0.004025150090456009,132,107681
400,-0.04282629117369652,77,107758
401,-0.037336159497499466,70,107828
402,-0.011905079707503319,67,107895
403,-0.04295996204018593,82,107977
404,-0.019941894337534904,59,108036
405,-0.04312427341938019,117,108153
406,-0.04305270314216614,97,108250
407,-0.04312436282634735,89,108339
408,-0.042699769139289856,63,108402
409,-0.01868467591702938,62,108464
410,-0.020704075694084167,57,108521
411,-0.0021966397762298584,91,108612
412,-0.04266851395368576,64,108676
413,-0.021462729200720787,83,108759
414,-0.043276913464069366,99,108858
415,-0.021099800243973732,45,108903
416,-0.039747629314661026,74,108977
417,-0.04334336146712303,90,109067
418,-0.0085081085562706,70,109137
419,-0.028459899127483368,58,109195
420,-0.04265137389302254,56,109251
421,-0.04265819117426872,61,109312
422,-0.04305822029709816,85,109397
423,-0.02060605213046074,58,109455
424,-0.04306891933083534,86,109541
425,-0.020454399287700653,47,109588
426,-0.019786251708865166,76,109664
427,0.013682935386896133,297,109961
428,-0.020032476633787155,72,110033
429,-0.01184934563934803,72,110105
430,-50.429588317871094,2268,112373
431,-0.01181318610906601,65,112438
432,-0.04285715892910957,87,112525
433,-0.02080257050693035,51,112576
434,-0.020698469132184982,51,112627
435,-0.042837902903556824,102,112729
436,-0.013285961002111435,77,112806
437,-0.025413058698177338,59,112865
438,-0.013883043080568314,69,112934
439,-0.04226231947541237,51,112985
440,-0.042476873844861984,68,113053
441,-0.018460368737578392,55,113108
442,-0.01978583261370659,48,113156
443,-0.014704536646604538,67,113223
444,-0.018290849402546883,53,113276
445,-0.020565036684274673,56,113332
446,-0.020926527678966522,57,113389
447,-0.006358042359352112,85,113474
448,-0.019816791638731956,58,113532
449,-0.019213711842894554,52,113584
450,-0.7920935153961182,253,113837
451,-0.013874763622879982,78,113915
452,-0.02052341215312481,63,113978
453,-0.04245179519057274,64,114042
454,-0.04272093623876572,88,114130
455,-0.04286641627550125,116,114246
456,-0.020287906751036644,55,114301
457,-0.042579419910907745,65,114366
458,-0.021102750673890114,65,114431
459,-0.009857427328824997,76,114507
460,-0.0429290346801281,93,114600
461,-0.04286710545420647,102,114702
462,-0.042839307337999344,87,114789
463,-0.037786610424518585,76,114865
464,-0.0424077995121479,110,114975
465,-0.042561426758766174,65,115040
466,-0.04250257462263107,111,115151
467,-0.04205971583724022,115,115266
468,-0.04253040626645088,69,115335
469,-0.01996593177318573,48,115383
470,-0.04240242764353752,59,115442
471,-0.01855774037539959,61,115503
472,-0.04231292009353638,77,115580
473,-0.042601507157087326,93,115673
474,-0.042815227061510086,83,115756
475,-0.042426783591508865,62,115818
476,-0.020343158394098282,59,115877
477,-0.01857667788863182,94,115971
478,-0.01786758005619049,61,116032
479,-0.0018844977021217346,87,116119
480,-0.042317770421504974,51,116170
481,-0.01987268589437008,64,116234
482,0.0011440105736255646,78,116312
483,-0.009115640074014664,77,116389
484,-0.020365215837955475,76,116465
485,-0.019993383437395096,62,116527
486,-0.023158933967351913,111,116638
487,-0.02532191574573517,141,116779
488,-0.02050449326634407,70,116849
489,-13.746482849121094,786,117635
490,-0.021431121975183487,82,117717
491,-0.04302895814180374,109,117826
492,-0.04306855797767639,114,117940
493,-0.009379524737596512,97,118037
494,0.006931278854608536,81,118118
495,-0.04260319471359253,70,118188
496,-0.022593969479203224,85,118273
497,-0.04227995499968529,51,118324
498,-0.020818451419472694,48,118372
499,-0.0005467385053634644,92,118464
500,-0.0425049252808094,61,118525
501,-0.04244330897927284,53,118578
502,-0.042485311627388,62,118640
503,-0.017957255244255066,79,118719
504,-0.021271467208862305,57,118776
505,0.03473759815096855,145,118921
506,-0.030261661857366562,55,118976
507,-0.004070989787578583,84,119060
508,-0.019529400393366814,59,119119
509,-0.04251420125365257,54,119173
510,-0.010193552821874619,70,119243
511,-0.004056703299283981,78,119321
512,-0.020585235208272934,58,119379
513,-0.04266463592648506,73,119452
514,-0.02093234285712242,55,119507
515,-12.3659086227417,744,120251
516,0.03325612470507622,185,120436
517,-0.019584447145462036,59,120495
518,-0.0427255816757679,102,120597
519,-0.043489933013916016,159,120756
520,-0.012888504192233086,74,120830
521,-0.04254494234919548,69,120899
522,0.027993299067020416,125,121024
523,-0.025549814105033875,65,121089
524,-0.03400692343711853,141,121230
525,0.06884084641933441,161,121391
526,-0.04353628680109978,139,121530
527,-0.042718470096588135,64,121594
528,-0.042510345578193665,119,121713
529,0.04706742987036705,182,121895
530,-0.04258698970079422,55,121950
531,-0.012455353513360023,69,122019
532,-0.04289628192782402,91,122110
533,-0.005325227975845337,116,122226
534,-0.042714305222034454,66,122292
535,-0.042673420161008835,68,122360
536,-0.042789459228515625,83,122443
537,-0.020752906799316406,52,122495
538,-0.04335997253656387,94,122589
539,-0.037161312997341156,62,122651
540,0.016487129032611847,111,122762
541,-0.018533829599618912,58,122820
542,-0.014371832832694054,61,122881
543,-0.0424373522400856,47,122928
544,-0.04295261576771736,87,123015
545,-0.041387129575014114,77,123092
546,-0.042879797518253326,93,123185
547,-0.04267897456884384,63,123248
548,-0.042925503104925156,73,123321
549,-0.02130242809653282,82,123403
550,-0.017451005056500435,80,123483
551,-0.04259790852665901,67,123550
552,-0.01036778837442398,76,123626
553,-5.283998012542725,492,124118
554,-0.01994849555194378,68,124186
555,-0.01563030481338501,52,124238
556,-0.042607683688402176,60,124298
557,-0.04263269156217575,131,124429
558,-0.012419108301401138,92,124521
559,-0.0427740253508091,64,124585
560,-0.042648687958717346,70,124655
561,-0.020993150770664215,74,124729
562,-0.021101346239447594,49,124778
563,-0.04314985126256943,87,124865
564,-25.9108943939209,1350,126215
565,-0.03598525747656822,177,126392
566,-0.013078995048999786,64,126456
567,-0.04274722933769226,86,126542
568,-0.042722199112176895,63,126605
569,-0.01983269490301609,58,126663
570,-0.04255999997258186,55,126718
571,-0.0035868659615516663,73,126791
572,-0.0428667888045311,87,126878
573,-0.04280025511980057,75,126953
574,-0.04255782067775726,55,127008
575,-0.01044047623872757,119,127127
576,-0.021224884316325188,50,127177
577,-0.017008379101753235,58,127235
578,-0.014502806589007378,56,127291
579,-0.04303819686174393,90,127381
580,-0.019368231296539307,63,127444
581,-0.04262423515319824,57,127501
582,-0.026924263685941696,48,127549
583,-13.999723434448242,805,128354
584,-0.037043653428554535,312,128666
585,-0.02931090071797371,52,128718
586,-0.032671816647052765,47,128765
587,-0.016096455976366997,62,128827
588,-0.042451951652765274,48,128875
589,-0.026658058166503906,43,128918
590,-0.020693063735961914,80,128998
591,-0.04334551468491554,128,129126
592,-0.04121091589331627,63,129189
593,-0.017700320109725,60,129249
594,-0.04107149317860603,124,129373
595,-0.042593494057655334,64,129437
596,-0.017186110839247704,75,129512
597,-0.042577777057886124,95,129607
598,-0.04301206022500992,137,129744
599,-0.0030101649463176727,76,129820
600,-0.042463671416044235,48,129868
601,0.016948554664850235,143,130011
602,0.011481691151857376,100,130111
603,-0.01818116195499897,55,130166
604,-0.02081160619854927,53,130219
605,-0.0429903082549572,97,130316
606,-0.013987679034471512,60,130376
607,-0.016611045226454735,65,130441
608,-0.0429295115172863,87,130528
609,-0.03908439353108406,99,130627
610,-0.00956491194665432,69,130696
611,-0.04385780170559883,163,130859
612,-0.018490992486476898,53,130912
613,-0.018595311790704727,85,130997
614,-0.013707391917705536,62,131059
615,-0.013141665607690811,75,131134
616,-0.010604655370116234,84,131218
617,-0.042824890464544296,69,131287
618,-0.042469777166843414,41,131328
619,-0.020620301365852356,61,131389
620,0.09917230904102325,384,131773
621,-0.04073745384812355,60,131833
622,-0.02106384187936783,54,131887
623,-21.114778518676758,1130,133017
624,-0.020281443372368813,47,133064
625,-0.015006441622972488,55,133119
626,-0.04317370802164078,92,133211
627,-0.043403010815382004,109,133320
628,-0.03779143840074539,188,133508
629,-0.04257306084036827,65,133573
630,-0.04255788028240204,51,133624
631,-0.019328244030475616,56,133680
632,-0.04255172610282898,48,133728
633,-19.294891357421875,1058,134786
634,-0.04285237565636635,78,134864
635,-0.02103874646127224,67,134931
636,-0.0200132355093956,71,135002
637,-0.015295717865228653,82,135084
638,-0.020642489194869995,48,135132
639,-0.01498175784945488,67,135199
640,-0.04267054423689842,88,135287
641,-0.04265469312667847,61,135348
642,-0.015766475349664688,62,135410
643,0.005080625414848328,181,135591
644,-10.10991382598877,661,136252
645,-0.042801301926374435,65,136317
646,-0.01794985868036747,46,136363
647,-0.028237255290150642,110,136473
648,-0.0429484024643898,102,136575
649,-3.3239102363586426,452,137027
650,-0.04332394152879715,138,137165
651,-0.018857087939977646,90,137255
652,-0.03530142456293106,58,137313
653,-0.041386958211660385,52,137365
654,-0.042772527784109116,77,137442
655,-0.043395038694143295,95,137537
656,-0.04273993521928787,75,137612
657,-0.04289483278989792,58,137670
658,-0.04791183024644852,275,137945
659,-0.020244721323251724,47,137992
660,-0.02039533667266369,61,138053
661,-0.03739341348409653,45,138098
662,-0.04257173836231232,106,138204
663,-0.042452163994312286,50,138254
664,-0.02087215520441532,41,138295
665,-0.04290343075990677,68,138363
666,-0.02035840041935444,59,138422
667,0.007318116724491119,95,138517
668,-0.04294301196932793,65,138582
669,-0.02560826577246189,115,138697
670,-0.04372025281190872,96,138793
671,-0.021585801616311073,68,138861
672,0.19459423422813416,378,139239
673,-0.042506299912929535,44,139283
674,-0.014902133494615555,68,139351
675,0.08081141859292984,151,139502
676,-0.04320065304636955,100,139602
677,-0.021205980330705643,53,139655
678,-0.022363122552633286,63,139718
679,-0.0198828037828207,53,139771
680,-0.020627595484256744,59,139830
681,-10.403273582458496,687,140517
682,-0.04277589172124863,55,140572
683,-0.02400890737771988,63,140635
684,-0.020977476611733437,53,140688
685,-0.020430535078048706,52,140740
686,-0.02044273167848587,63,140803
687,-0.013589626178145409,64,140867
688,-0.04303416982293129,70,140937
689,-2.3139874935150146,624,141561
690,-0.043019458651542664,68,141629
691,-0.04286836087703705,55,141684
692,-0.015851644799113274,58,141742
693,-0.01701285131275654,66,141808
694,-0.04332686960697174,88,141896
695,-0.02277788519859314,75,141971
696,-0.042704906314611435,59,142030
697,-0.0016537867486476898,74,142104
698,-0.04273800551891327,57,142161
699,-0.006485018879175186,80,142241
700,-0.01126307062804699,124,142365
701,-0.014763208106160164,63,142428
702,-0.042970456182956696,62,142490
703,-0.02141661010682583,56,142546
704,-0.023113446310162544,78,142624
705,-0.02170729823410511,103,142727
706,-0.0427534282207489,52,142779
707,-0.042760543525218964,50,142829
708,0.03712448850274086,106,142935
709,-0.043147262185811996,90,143025
710,-0.01759033277630806,82,143107
711,-0.021055495366454124,60,143167
712,-0.042856499552726746,61,143228
713,-0.021170156076550484,51,143279
714,-0.04277433827519417,58,143337
715,-0.010076705366373062,76,143413
716,-0.020289767533540726,60,143473
717,-0.043130483478307724,95,143568
718,-0.0034149140119552612,96,143664
719,-0.043001577258110046,57,143721
720,-0.043196119368076324,68,143789
721,-0.04297250881791115,82,143871
722,-0.042918261140584946,61,143932
723,-0.02133413404226303,50,143982
724,-0.024993564933538437,65,144047
725,-0.019942142069339752,45,144092
726,-0.04290441796183586,59,144151
727,-0.01765865460038185,64,144215
728,-0.020679330453276634,57,144272
729,-0.015176914632320404,59,144331
730,-0.042888619005680084,61,144392
731,-0.04349683225154877,99,144491
732,-0.03674052283167839,80,144571
733,-0.016364891082048416,58,144629
734,-0.025686008855700493,92,144721
735,-0.043043412268161774,61,144782
736,-0.043116580694913864,66,144848
737,-0.04329264163970947,77,144925
738,-0.00905725359916687,72,144997
739,-0.008512340486049652,98,145095
740,-0.035339076071977615,61,145156
741,-0.015117855742573738,58,145214
742,-0.021283568814396858,59,145273
743,-0.043012846261262894,63,145336
744,-0.01953648030757904,61,145397
745,-0.018324296921491623,70,145467
746,-0.021388167515397072,56,145523
747,-0.03997785970568657,52,145575
748,-0.042961589992046356,56,145631
749,-0.004797238856554031,87,145718
750,-0.04314824193716049,69,145787
751,-3.685175895690918,412,146199
752,-0.03982249274849892,60,146259
753,-0.005522485822439194,82,146341
754,-0.042099833488464355,75,146416
755,-0.02055955119431019,54,146470
756,-0.0431535542011261,62,146532
757,0.008044175803661346,126,146658
758,-0.030140619724988937,61,146719
759,-0.04322943091392517,76,146795
760,-0.0016175247728824615,88,146883
761,-0.01505224034190178,81,146964
762,0.028159406036138535,176,147140
763,-14.396933555603027,808,147948
764,-0.02088071033358574,66,148014
765,0.0033079497516155243,100,148114
766,-0.04315232113003731,78,148192
767,0.003615710884332657,99,148291
768,-0.021882086992263794,56,148347
769,0.036231640726327896,194,148541
770,-0.04323754459619522,70,148611
771,-0.02155374176800251,56,148667
772,-0.04311950132250786,57,148724
773,-0.0429253876209259,88,148812
774,-0.04149055853486061,56,148868
775,0.00413760170340538,126,148994
776,-0.006815813481807709,110,149104
777,0.007242921739816666,132,149236
778,0.11901958286762238,264,149500
779,-0.042784351855516434,94,149594
780,-0.030493799597024918,99,149693
781,0.008345574140548706,110,149803
782,-0.031012317165732384,68,149871
783,-0.021340686827898026,63,149934
784,-0.018909431993961334,74,150008
785,-0.0432058647274971,63,150071
786,-0.029354028403759003,101,150172
787,0.05412238836288452,134,150306
788,-9.383261203765869e-05,94,150400
789,-0.044502485543489456,169,150569
790,-16.189830780029297,906,151475
791,-0.001825425773859024,123,151598
792,-0.043172646313905716,66,151664
793,-11.672554016113281,735,152399
794,-0.01732775941491127,98,152497
795,0.013615857809782028,91,152588
796,-0.043386589735746384,78,152666
797,-0.01109752245247364,95,152761
798,-0.04331601411104202,141,152902
799,-0.02252827398478985,59,152961
800,-0.004709608852863312,87,153048
801,-0.04364185407757759,98,153146
802,-0.018052276223897934,61,153207
803,-0.006615772843360901,93,153300
804,-0.010089952498674393,67,153367
805,-0.0019305460155010223,107,153474
806,-0.019412461668252945,76,153550
807,-0.04334146901965141,67,153617
808,0.03046555072069168,113,153730
809,-0.03741736710071564,116,153846
810,-0.020323725417256355,68,153914
811,-0.04314533248543739,50,153964
812,-0.02076980471611023,57,154021
813,-0.043498486280441284,77,154098
814,0.027576997876167297,162,154260
815,-0.04343520477414131,76,154336
816,-0.04445434361696243,179,154515
817,-0.043634846806526184,83,154598
818,-10.489089012145996,670,155268
819,-0.033840179443359375,72,155340
820,-0.014043226838111877,115,155455
821,-0.043245404958724976,68,155523
822,-11.153061866760254,677,156200
823,-0.04348563402891159,66,156266
824,-0.0436050109565258,82,156348
825,-12.979461669921875,748,157096
826,-0.0061416663229465485,92,157188
827,-0.019538670778274536,54,157242
828,-11.341316223144531,681,157923
829,0.012119140475988388,96,158019
830,-0.019216688349843025,80,158099
831,-0.024896828457713127,75,158174
832,0.029819641262292862,123,158297
833,0.0008632391691207886,74,158371
834,-10.222417831420898,639,159010
835,-0.02002980187535286,72,159082
836,-0.003013797104358673,82,159164
837,-0.043636057525873184,86,159250
838,-0.03939234837889671,84,159334
839,-0.04336465895175934,94,159428
840,-0.043136268854141235,61,159489
841,-0.04347055032849312,79,159568
842,-10.58771800994873,640,160208
843,-10.40759563446045,657,160865
844,0.07814611494541168,182,161047
845,-0.01892923004925251,64,161111
846,-0.02195647358894348,69,161180
847,-0.0184952225536108,77,161257
848,-0.04425182566046715,96,161353
849,0.012667972594499588,98,161451
850,-0.00883721187710762,95,161546
851,-0.0017504431307315826,112,161658
852,-0.03429359942674637,126,161784
853,-11.03384780883789,670,162454
854,-0.020334649831056595,65,162519
855,-0.043741196393966675,92,162611
856,-0.010819930583238602,74,162685
857,0.01668492704629898,103,162788
858,-0.0233744066208601,72,162860
859,-12.101993560791016,629,163489
860,-0.03341539204120636,73,163562
861,-0.04428301379084587,106,163668
862,-10.441158294677734,634,164302
863,0.011473223567008972,98,164400
864,0.009282644838094711,79,164479
865,-0.04350316524505615,76,164555
866,0.002467747777700424,85,164640
867,-0.03005143627524376,52,164692
868,-0.04336920753121376,59,164751
869,-12.489027976989746,752,165503
870,-0.005845528095960617,80,165583
871,-9.894940376281738,625,166208
872,-0.04367317631840706,83,166291
873,0.021803569048643112,109,166400
874,-0.04348328709602356,70,166470
875,0.007726937532424927,95,166565
876,-10.365547180175781,702,167267
877,-0.022049957886338234,74,167341
878,-0.018422001972794533,57,167398
879,-12.067278861999512,638,168036
880,-0.021822327747941017,81,168117
881,-0.020993253216147423,94,168211
882,-10.266620635986328,659,168870
883,-0.0435289666056633,62,168932
884,-0.043847132474184036,104,169036
885,-0.04028180241584778,107,169143
886,-0.012097641825675964,138,169281
887,-0.03185475990176201,157,169438
888,-0.044215112924575806,149,169587
889,0.01875479146838188,119,169706
890,-0.04392089322209358,80,169786
891,-0.042452748864889145,45,169831
892,0.013693150132894516,118,169949
893,-0.04078243300318718,92,170041
894,-0.018664665520191193,60,170101
895,-0.04317197948694229,86,170187
896,-0.0031759217381477356,141,170328
897,-0.021687405183911324,91,170419
898,-0.04358099028468132,76,170495
899,0.02565610036253929,130,170625
900,-0.016946883872151375,88,170713
901,0.007066559046506882,164,170877
902,-0.04491711035370827,226,171103
903,-9.640708923339844,630,171733
904,-9.992986679077148,615,172348
905,-0.03367580845952034,108,172456
906,-0.019841289147734642,73,172529
907,-0.04398392140865326,85,172614
908,0.004345044493675232,93,172707
909,-0.003265082836151123,150,172857
910,-0.04369556903839111,72,172929
911,-0.019121211022138596,81,173010
912,-0.043730560690164566,65,173075
913,-2.3579390048980713,321,173396
914,-0.043483395129442215,64,173460
915,-0.010405488312244415,91,173551
916,-0.015644056722521782,84,173635
917,0.004627566784620285,99,173734
918,-0.044127341359853745,95,173829
919,-2.526074171066284,331,174160
920,-3.8802478313446045,389,174549
921,-10.47362995147705,657,175206
922,-1.7934598922729492,318,175524
923,-0.04366091638803482,65,175589
924,-0.027191508561372757,65,175654
925,-0.0054187774658203125,96,175750
926,0.0269758403301239,132,175882
927,-0.044029928743839264,111,175993
928,-0.04442640766501427,122,176115
929,-0.04471825435757637,141,176256
930,-0.011380348354578018,74,176330
931,0.018638409674167633,175,176505
932,-10.821535110473633,653,177158
933,-18.705711364746094,937,178095
934,-12.728426933288574,828,178923
935,0.028583679348230362,98,179021
936,-17.28856086730957,1023,180044
937,-0.007340695708990097,89,180133
938,-0.0029008276760578156,76,180209
939,-0.03577910363674164,68,180277
940,-5.077881336212158,362,180639
941,0.01935865357518196,111,180750
942,-0.043461915105581284,51,180801
943,-11.762492179870605,696,181497
944,-7.795032024383545,653,182150
945,-7.839446544647217,586,182736
946,-10.082484245300293,560,183296
947,-0.04379880055785179,58,183354
948,-19.154813766479492,961,184315
949,-0.04367794841527939,60,184375
950,-6.422213077545166,422,184797
951,-20.814807891845703,1180,185977
952,-0.009104125201702118,69,186046
953,-0.044717565178871155,174,186220
954,-16.207733154296875,807,187027
955,0.01621641218662262,191,187218
956,-0.012396080419421196,122,187340
957,-0.04402772709727287,83,187423
958,-0.004040233790874481,96,187519
959,-15.941709518432617,793,188312
960,-0.01359928585588932,113,188425
961,0.011028651148080826,119,188544
962,-0.043893855065107346,69,188613
963,-0.007868345826864243,69,188682
964,-3.077176809310913,397,189079
965,0.0329403281211853,123,189202
966,-12.973210334777832,994,190196
967,-20.659887313842773,1021,191217
968,-0.0445159375667572,136,191353
969,-0.008445434272289276,66,191419
970,0.011766720563173294,126,191545
971,-0.012797901406884193,118,191663
972,-0.043951451778411865,125,191788
973,-0.0138188935816288,73,191861
974,-0.043442439287900925,57,191918
975,-2.1892261505126953,393,192311
976,-13.143095970153809,778,193089
977,-0.022056100890040398,86,193175
978,-0.015832869336009026,65,193240
979,-0.043567899614572525,80,193320
980,-0.013734608888626099,96,193416
981,-0.044059403240680695,83,193499
982,-0.043687138706445694,57,193556
983,-0.017575610429048538,67,193623
984,-0.0218857079744339,77,193700
985,-0.0441889725625515,100,193800
986,-0.00898471474647522,58,193858
987,0.024627864360809326,149,194007
988,0.018720831722021103,170,194177
989,-0.04409452900290489,80,194257
990,-0.04203781485557556,85,194342
991,-0.04065706208348274,94,194436
992,-0.01792881451547146,113,194549
993,-0.0203635785728693,90,194639
994,-0.006773103028535843,70,194709
995,-0.0436156801879406,50,194759
996,-0.018334221094846725,167,194926
997,-0.008575733751058578,94,195020
998,-0.0006448142230510712,82,195102
999,-0.005630213767290115,149,195251
1000,-15.839753150939941,805,196056
1001,-0.009528985247015953,181,196237
1002,-0.019219553098082542,106,196343
1003,0.002385050058364868,91,196434
1004,-15.453367233276367,904,197338
1005,-0.04396018758416176,70,197408
1006,-0.022554641589522362,282,197690
1007,-0.044139761477708817,93,197783
1008,0.011863872408866882,90,197873
1009,-18.06057357788086,899,198772
1010,-0.04450066387653351,127,198899
1011,-0.005201384425163269,67,198966
1012,-20.423851013183594,1117,200083
1013,-14.960931777954102,810,200893
1014,0.017222456634044647,93,200986
1015,0.005108773708343506,140,201126
1016,-0.033856287598609924,64,201190
1017,-14.179482460021973,762,201952
1018,-0.04161013662815094,79,202031
1019,-0.04412345960736275,89,202120
1020,-22.71891975402832,1194,203314
1021,-0.04405413940548897,110,203424
1022,-0.017075398936867714,56,203480
1023,-0.043631576001644135,82,203562
1024,0.01802833378314972,123,203685
1025,-0.0435158908367157,69,203754
1026,0.0013657212257385254,415,204169
1027,-24.882089614868164,1430,205599
1028,-0.043552517890930176,58,205657
1029,0.004689343273639679,81,205738
1030,-8.69690227508545,656,206394
1031,-20.323511123657227,1026,207420
1032,-0.019770978018641472,66,207486
1033,-41.22915267944336,2070,209556
1034,-0.043666526675224304,82,209638
1035,-0.011702828109264374,124,209762
1036,-0.029102463275194168,99,209861
1037,-0.012978078797459602,101,209962
1038,0.03803008794784546,155,210117
1039,-0.01432853750884533,111,210228
1040,0.0026578791439533234,69,210297
1041,-0.04323425889015198,72,210369
1042,-0.04352782294154167,64,210433
1043,-0.04363514855504036,78,210511
1044,-16.64642333984375,887,211398
1045,-0.04372214153409004,91,211489
1046,-0.012333463877439499,83,211572
1047,-0.006977759301662445,66,211638
1048,-0.04380363970994949,96,211734
1049,-15.324657440185547,853,212587
1050,-0.013240022584795952,81,212668
1051,-0.04355403780937195,67,212735
1052,-0.04365825653076172,72,212807
1053,-0.04386330395936966,78,212885
1054,-0.0058028437197208405,70,212955
1055,-0.021220631897449493,59,213014
1056,-0.004742138087749481,99,213113
1057,-0.043332282453775406,106,213219
1058,-0.04345392435789108,61,213280
1059,-0.016513656824827194,75,213355
1060,-0.0036159567534923553,118,213473
1061,-0.024972321465611458,84,213557
1062,-0.005442146211862564,120,213677
1063,-0.01577153243124485,71,213748
1064,-0.04351234808564186,74,213822
1065,-0.03419513255357742,79,213901
1066,-0.04361512139439583,75,213976
1067,-0.043913889676332474,192,214168
1068,-0.017431173473596573,63,214231
1069,-0.02898590825498104,66,214297
1070,-14.214216232299805,796,215093
1071,-0.04356696084141731,65,215158
1072,-14.325812339782715,825,215983
1073,-0.015284119173884392,98,216081
1074,-0.01690337061882019,68,216149
1075,-0.04352426156401634,76,216225
1076,-3.1201281547546387,445,216670
1077,0.03518756479024887,166,216836
1078,0.03970746695995331,196,217032
1079,-0.010754957795143127,88,217120
1080,-0.04228316992521286,95,217215
1081,-20.800846099853516,1058,218273
1082,-0.04338037595152855,72,218345
1083,-0.04346239194273949,84,218429
1084,0.03437051549553871,108,218537
1085,0.017492234706878662,100,218637
1086,-0.012802042067050934,95,218732
1087,-0.012783506885170937,68,218800
1088,-0.012386726215481758,64,218864
1089,-0.012448865920305252,123,218987
1090,-0.04349185898900032,72,219059
1091,0.00269274041056633,155,219214
1092,-0.037360452115535736,55,219269
1093,-0.04353506490588188,67,219336
1094,-0.04389002174139023,123,219459
1095,-0.04385524243116379,164,219623
1096,-9.353859901428223,640,220263
1097,-0.0435025691986084,74,220337
1098,-0.04318864271044731,104,220441
1099,-0.013278450816869736,146,220587
1100,-0.04343763738870621,59,220646
1101,0.007922891527414322,119,220765
1102,0.02720296010375023,112,220877
1103,-0.044986121356487274,211,221088
1104,-0.0103425532579422,93,221181
1105,-0.009010791778564453,76,221257
1106,-0.03618279844522476,116,221373
1107,-0.04397223889827728,112,221485
1108,-0.018507257103919983,101,221586
1109,-0.04208510369062424,85,221671
1110,-0.04367341846227646,72,221743
1111,-0.04327647015452385,92,221835
1112,-0.012601636350154877,67,221902
1113,-0.04344358295202255,98,222000
1114,0.011100608855485916,95,222095
1115,-0.010543275624513626,68,222163
1116,-0.011408684775233269,103,222266
1117,-0.01897965930402279,69,222335
1118,-0.0017421767115592957,87,222422
1119,-0.024529503658413887,86,222508
1120,-0.043684232980012894,74,222582
1121,-0.017008628696203232,62,222644
1122,-0.043532658368349075,67,222711
1123,-4.827938556671143,606,223317
1124,0.048290908336639404,282,223599
1125,-0.043832384049892426,70,223669
1126,-0.04342679679393768,69,223738
1127,-0.026501115411520004,92,223830
1128,-0.043864600360393524,79,223909
1129,0.017331331968307495,89,223998
1130,0.02580047771334648,134,224132
1131,0.006133314222097397,97,224229
1132,-0.030283570289611816,114,224343
1133,-0.035834379494190216,77,224420
1134,-9.417428970336914,664,225084
1135,0.0026097409427165985,104,225188
1136,-0.043410029262304306,70,225258
1137,-0.04355271905660629,67,225325
1138,-0.044081300497055054,232,225557
1139,-0.04382806643843651,88,225645
1140,-0.04404313862323761,109,225754
1141,-0.04506551846861839,126,225880
1142,-0.011264365166425705,92,225972
1143,-0.0436597540974617,72,226044
1144,-0.025725586339831352,79,226123
1145,-0.04399585723876953,82,226205
1146,-0.034019261598587036,67,226272
1147,-0.010505754500627518,75,226347
1148,-0.044191695749759674,133,226480
1149,-0.0437457337975502,64,226544
1150,0.0032295361161231995,111,226655
1151,-0.04354886710643768,70,226725
1152,-0.04402628913521767,88,226813
1153,-1.7062606811523438,483,227296
1154,-0.006925318390130997,91,227387
1155,-0.02152949571609497,65,227452
1156,-15.212708473205566,829,228281
1157,-0.0042271725833415985,85,228366
1158,-0.000310312956571579,75,228441
1159,-16.46858787536621,898,229339
1160,-0.043779950588941574,67,229406
1161,-0.01232331246137619,90,229496
1162,-0.03962080553174019,99,229595
1163,-0.04416929930448532,87,229682
1164,-0.043314360082149506,96,229778
1165,-0.0035597309470176697,216,229994
1166,-11.941293716430664,803,230797
1167,-0.043940771371126175,92,230889
1168,-0.020688587799668312,68,230957
1169,-0.007735606282949448,89,231046
1170,-18.54239845275879,1030,232076
1171,0.057622604072093964,154,232230
1172,-0.00872023031115532,72,232302
1173,-0.008466184139251709,96,232398
1174,-3.2276992797851562,392,232790
1175,-0.7958914637565613,430,233220
1176,-0.04411306232213974,93,233313
1177,-0.005979355424642563,78,233391
1178,-0.007673930376768112,91,233482
1179,-0.016156883910298347,64,233546
1180,-0.044144075363874435,86,233632
1181,0.011158350855112076,82,233714
1182,-0.04357481375336647,67,233781
1183,-0.00754871591925621,71,233852
1184,-0.00975789874792099,98,233950
1185,-0.01247972808778286,63,234013
1186,0.0007079951465129852,85,234098
1187,-0.02191072702407837,69,234167
1188,-0.4143310785293579,477,234644
1189,-0.04422136768698692,87,234731
1190,-0.04248858988285065,104,234835
1191,-0.04382309690117836,76,234911
1192,-0.006663605570793152,87,234998
1193,-0.02127917669713497,56,235054
1194,0.02865394949913025,105,235159
1195,-0.044064074754714966,78,235237
1196,-0.04398084804415703,92,235329
1197,-0.0012023784220218658,73,235402
1198,-0.04413340240716934,94,235496
1199,-0.04383137822151184,72,235568
1200,-0.002917379140853882,76,235644
1201,-0.04231731593608856,81,235725
1202,-0.043715860694646835,91,235816
1203,-0.0438106432557106,66,235882
1204,-3.1372127532958984,466,236348
1205,-0.043422892689704895,86,236434
1206,-0.04386341944336891,89,236523
1207,-0.0438874177634716,65,236588
1208,-0.043624408543109894,63,236651
1209,-0.04376142472028732,67,236718
1210,-0.04346521198749542,83,236801
1211,-0.021367648616433144,74,236875
1212,-0.043975088745355606,99,236974
1213,-0.043939415365457535,87,237061
1214,-0.021576492115855217,100,237161
1215,-0.01643713004887104,97,237258
1216,-0.013364061713218689,80,237338
1217,0.0014576911926269531,69,237407
1218,0.01446959376335144,76,237483
1219,-0.044260174036026,87,237570
1220,-0.004457540810108185,63,237633
1221,-0.043801069259643555,75,237708
1222,-0.04539176821708679,166,237874
1223,-0.044044140726327896,76,237950
1224,-0.03271108865737915,102,238052
1225,-0.04391438513994217,86,238138
1226,-0.044912755489349365,165,238303
1227,-0.04409830644726753,92,238395
1228,-0.02571275271475315,84,238479
1229,-0.04410736635327339,78,238557
1230,-0.04278470203280449,111,238668
1231,-0.04132918268442154,61,238729
1232,-0.04475637152791023,109,238838
1233,-0.044337447732686996,110,238948
1234,0.002984132617712021,96,239044
1235,0.02368883788585663,89,239133
1236,-0.020124278962612152,68,239201
1237,-0.041997820138931274,87,239288
1238,-0.04454005882143974,212,239500
1239,0.003739498555660248,94,239594
1240,0.011879820376634598,118,239712
1241,-0.04415493458509445,78,239790
1242,-17.83881187438965,1013,240803
1243,0.012216035276651382,90,240893
1244,-0.009882427752017975,74,240967
1245,-0.044107548892498016,89,241056
1246,0.00833631306886673,81,241137
1247,0.0055089667439460754,113,241250
1248,-0.04410145431756973,82,241332
1249,-5.624802589416504,419,241751
1250,-0.008213568478822708,359,242110
1251,-0.014277389273047447,63,242173
1252,-0.007719635963439941,100,242273
1253,-0.04370453208684921,64,242337
1254,0.005154278129339218,80,242417
1255,-0.007203865796327591,92,242509
1256,-0.04393874481320381,75,242584
1257,0.005179755389690399,133,242717
1258,-0.0438726544380188,69,242786
1259,0.019337568432092667,89,242875
1260,-2.3722078800201416,373,243248
1261,0.025805965065956116,118,243366
1262,-0.04472311958670616,162,243528
1263,-0.016126839444041252,91,243619
1264,0.018683776259422302,102,243721
1265,-0.04444736987352371,88,243809
1266,0.005983907729387283,233,244042
1267,0.023794252425432205,90,244132
1268,0.003620259463787079,214,244346
1269,-4.4475321769714355,557,244903
1270,-0.017327889800071716,92,244995
1271,-8.552783012390137,569,245564
1272,-8.777098655700684,542,246106
1273,-0.04475065693259239,216,246322
1274,-0.021608620882034302,99,246421
1275,-0.044909268617630005,141,246562
1276,-0.04304591938853264,87,246649
1277,-0.04428790137171745,78,246727
1278,-0.04590170457959175,230,246957
1279,-0.021257387474179268,57,247014
1280,-0.04437827318906784,138,247152
1281,0.07887706905603409,190,247342
1282,-18.896812438964844,974,248316
1283,-0.04468811675906181,118,248434
1284,0.014286894351243973,76,248510
1285,-0.041703350841999054,87,248597
1286,-0.012592678889632225,81,248678
1287,-0.04424435272812843,80,248758
1288,-0.044087111949920654,81,248839
1289,-26.36992073059082,1384,250223
1290,-0.008391022682189941,86,250309
1291,-0.006163101643323898,86,250395
1292,-0.030423603951931,59,250454
1293,-0.04415459558367729,88,250542
1294,-0.00860258936882019,89,250631
1295,-0.00358741357922554,80,250711
1296,-0.044205937534570694,110,250821
1297,0.02629474550485611,95,250916
1298,-0.015585856512188911,77,250993
1299,-0.016936911270022392,65,251058
1300,0.18050508201122284,399,251457
1301,0.004724103957414627,79,251536
1302,-0.04410042241215706,88,251624
1303,-0.04409928247332573,99,251723
1304,0.07294364273548126,351,252074
1305,-0.011532820761203766,110,252184
1306,-0.03388499841094017,105,252289
1307,-0.02058536745607853,153,252442
1308,-0.04355454072356224,79,252521
1309,-0.04393434897065163,63,252584
1310,-0.01565350405871868,102,252686
1311,-0.04346831515431404,71,252757
1312,-0.015646332874894142,124,252881
1313,-0.020610934123396873,92,252973
1314,-27.624027252197266,1465,254438
1315,0.0008052214980125427,68,254506
1316,0.027001433074474335,103,254609
1317,-0.010245580226182938,162,254771
1318,-0.04270966351032257,104,254875
1319,-0.038910869508981705,83,254958
1320,0.00640859454870224,111,255069
1321,-0.006315659731626511,151,255220
1322,-0.02196265012025833,65,255285
1323,-0.022247126325964928,70,255355
1324,-0.015143940225243568,119,255474
1325,-0.008640650659799576,79,255553
1326,-0.003610387444496155,97,255650
1327,-0.0071683116257190704,71,255721
1328,-0.03276081755757332,111,255832
1329,-0.00916997715830803,128,255960
1330,0.0381469801068306,105,256065
1331,-15.653194427490234,797,256862
1332,-0.044211942702531815,128,256990
1333,-0.043984491378068924,92,257082
1334,-15.210419654846191,833,257915
1335,-10.612896919250488,698,258613
1336,-0.04435289278626442,73,258686
1337,0.009563837200403214,200,258886
1338,-10.662991523742676,813,259699
1339,-0.043347325176000595,227,259926
1340,0.030783016234636307,155,260081
1341,-34.69322967529297,1698,261779
1342,-0.04392490163445473,104,261883
1343,0.005363747477531433,89,261972
1344,0.01288999617099762,96,262068
1345,-0.04412094131112099,73,262141
1346,0.006135161966085434,196,262337
1347,0.0022081956267356873,102,262439
1348,-12.124140739440918,743,263182
1349,0.03620566800236702,130,263312
1350,-0.0130850151181221,86,263398
1351,-5.988989353179932,388,263786
1352,-0.04437408968806267,114,263900
1353,-8.308823585510254,561,264461
1354,-5.709365367889404,383,264844
1355,-0.04580136016011238,186,265030
1356,0.003744862973690033,138,265168
1357,-0.01840437948703766,96,265264
1358,-0.04442186281085014,76,265340
1359,-6.726864814758301,637,265977
1360,-0.019258541986346245,94,266071
1361,-20.21455955505371,1015,267086
1362,0.020490624010562897,91,267177
1363,-0.04456472024321556,104,267281
1364,-0.044424641877412796,139,267420
1365,-0.01762569509446621,85,267505
1366,-0.04417383298277855,139,267644
1367,-0.04411035031080246,92,267736
1368,-0.016855847090482712,102,267838
1369,0.05475763604044914,110,267948
1370,0.028258491307497025,81,268029
1371,0.004250507801771164,226,268255
1372,-14.67042064666748,870,269125
1373,0.007925651967525482,85,269210
1374,0.011551979929208755,86,269296
1375,-5.707955360412598,489,269785
1376,-4.994417667388916,381,270166
1377,-34.64591979980469,1687,271853
1378,0.009451311081647873,78,271931
1379,0.016484960913658142,111,272042
1380,-16.843772888183594,884,272926
1381,-4.1839141845703125,442,273368
1382,0.016585469245910645,93,273461
1383,-0.007374357432126999,95,273556
1384,-0.04424620047211647,98,273654
1385,0.0006434544920921326,58,273712
1386,0.009218178689479828,145,273857
1387,0.018560446798801422,108,273965
1388,-27.19534683227539,1288,275253
1389,-6.727110385894775,413,275666
1390,0.16482456028461456,232,275898
1391,0.023224003612995148,114,276012
1392,-5.665987491607666,410,276422
1393,-0.027648571878671646,68,276490
1394,0.014914046972990036,79,276569
1395,-0.04437877610325813,116,276685
1396,0.019093886017799377,79,276764
1397,0.004284843802452087,62,276826
1398,-5.04349946975708,416,277242
1399,-0.043982766568660736,116,277358
1400,-4.504977226257324,426,277784
1401,-8.844542503356934,567,278351
1402,-0.04431585222482681,113,278464
1403,0.020325440913438797,169,278633
1404,-0.04424367472529411,96,278729
1405,0.025291934609413147,84,278813
1406,-0.017567824572324753,77,278890
1407,0.02029239386320114,78,278968
1408,-0.016842467710375786,91,279059
1409,-44.532203674316406,1991,281050
1410,-0.005736157298088074,101,281151
1411,-0.01931425929069519,61,281212
1412,-0.04354482516646385,76,281288
1413,0.015181276947259903,84,281372
1414,-0.043796319514513016,82,281454
1415,0.03960605710744858,94,281548
1416,-0.04620127007365227,194,281742
1417,-0.044501516968011856,100,281842
1418,-0.002756301313638687,80,281922
1419,-0.02805783599615097,106,282028
1420,-0.008316121995449066,65,282093
1421,0.009872578084468842,69,282162
1422,-0.043966010212898254,114,282276
1423,0.03943340480327606,92,282368
1424,-0.04384532943367958,104,282472
1425,-0.021382547914981842,66,282538
1426,0.02484246715903282,159,282697
1427,0.008011490106582642,83,282780
1428,0.0021368078887462616,68,282848
1429,-0.03588185831904411,62,282910
1430,-0.04160398989915848,67,282977
1431,-0.043791551142930984,71,283048
1432,0.05011694133281708,147,283195
1433,-0.04394832253456116,72,283267
1434,-10.201132774353027,592,283859
1435,-11.026471138000488,615,284474
1436,-0.043955493718385696,73,284547
1437,-0.04422448202967644,112,284659
1438,-17.08016014099121,945,285604
1439,-0.04416482523083687,86,285690
1440,-0.0023236125707626343,58,285748
1441,-0.04373996704816818,118,285866
1442,-0.0012806020677089691,63,285929
1443,0.031069081276655197,93,286022
1444,-0.018275659531354904,65,286087
1445,-0.04368967562913895,76,286163
1446,-0.043977923691272736,77,286240
1447,-0.04815582558512688,291,286531
1448,-1.685779094696045,439,286970
1449,-0.030370965600013733,89,287059
1450,-0.007330209016799927,86,287145
1451,-0.04377268627285957,65,287210
1452,-0.0009740442037582397,89,287299
1453,0.007493030279874802,71,287370
1454,-0.007937915623188019,58,287428
1455,0.019352242350578308,112,287540
1456,-0.0028564967215061188,64,287604
1457,-0.01982291042804718,66,287670
1458,-0.009425569325685501,62,287732
1459,0.004559442400932312,71,287803
1460,-0.044187210500240326,106,287909
1461,-0.04435831308364868,85,287994
1462,-15.198104858398438,922,288916
1463,-0.01520933024585247,86,289002
1464,-0.0017083659768104553,73,289075
1465,-31.489253997802734,1524,290599
1466,-8.381016731262207,493,291092
1467,0.021381821483373642,148,291240
1468,-15.825261116027832,896,292136
1469,0.01550237089395523,129,292265
1470,-0.043863989412784576,64,292329
1471,-0.04411033168435097,100,292429
1472,-0.01429402083158493,69,292498
1473,-0.010222889482975006,69,292567
1474,-0.0397183783352375,72,292639
1475,-7.10004997253418,460,293099
1476,-10.733062744140625,1032,294131
1477,-0.04381704330444336,68,294199
1478,-5.827713489532471,501,294700
1479,-0.04448603093624115,112,294812
1480,-13.762913703918457,889,295701
1481,-0.03267364203929901,66,295767
1482,-13.947107315063477,882,296649
1483,0.018045637756586075,205,296854
1484,-0.044155485928058624,81,296935
1485,-0.04410160705447197,75,297010
1486,-0.04397428035736084,68,297078
1487,-20.42735481262207,1127,298205
1488,-4.868989944458008,532,298737
1489,0.012329962104558945,97,298834
1490,-0.018471436575055122,80,298914
1491,0.021734803915023804,108,299022
1492,-8.087190628051758,635,299657
1493,0.07108817994594574,265,299922
1494,-0.04417333006858826,92,300014
1495,-0.04493838548660278,132,300146
1496,-0.003065735101699829,72,300218
1497,-1.5733625888824463,473,300691
1498,-0.014501569792628288,76,300767
1499,-0.044162411242723465,82,300849
1500,-7.849466800689697,591,301440
1501,0.01959872618317604,204,301644
1502,-5.98390007019043,492,302136
1503,-0.013396697118878365,150,302286
1504,-14.817476272583008,796,303082
1505,-0.0025185905396938324,63,303145
1506,-17.9210262298584,893,304038
1507,-0.018611717969179153,75,304113
1508,-18.582223892211914,937,305050
1509,-0.028274361044168472,110,305160
1510,-0.04413717985153198,71,305231
1511,-0.016788577660918236,83,305314
1512,-0.043685413897037506,56,305370
1513,-9.706777572631836,664,306034
1514,-0.04419761151075363,91,306125
1515,-11.953350067138672,773,306898
1516,-0.020276345312595367,102,307000
1517,-17.408628463745117,868,307868
1518,-0.01622936502099037,73,307941
1519,-0.043745703995227814,52,307993
1520,-0.01616423949599266,129,308122
1521,-0.03208961337804794,51,308173
1522,-9.071032524108887,513,308686
1523,-15.125250816345215,780,309466
1524,-0.0013527870178222656,67,309533
1525,-0.04341377690434456,60,309593
1526,0.010001327842473984,177,309770
1527,-19.92761993408203,1025,310795
1528,-0.035772573202848434,69,310864
1529,-0.02084820158779621,72,310936
1530,-26.156152725219727,1331,312267
1531,-3.6835944652557373,470,312737
1532,-0.010616302490234375,138,312875
1533,-20.933645248413086,1068,313943
1534,-0.008837834000587463,93,314036
1535,-0.04567369818687439,460,314496
1536,-16.436376571655273,912,315408
1537,-0.007480297237634659,77,315485
1538,-0.04401059076189995,75,315560
1539,-0.043898336589336395,71,315631
1540,-0.009229511022567749,72,315703
1541,-0.009273592382669449,54,315757
1542,-0.007369697093963623,56,315813
1543,-0.03165736421942711,58,315871
1544,0.019811276346445084,101,315972
1545,0.00018259882926940918,106,316078
1546,-0.043779920786619186,71,316149
1547,-0.04432908073067665,88,316237
1548,-0.013995053246617317,74,316311
1549,-0.04434489831328392,100,316411
1550,-0.02143879234790802,81,316492
1551,-0.013668021187186241,82,316574
1552,-0.04261021316051483,81,316655
1553,-0.003932822495698929,75,316730
1554,-0.04425552114844322,95,316825
1555,-0.043650947511196136,62,316887
1556,-0.006694149225950241,123,317010
1557,0.002550162374973297,98,317108
1558,-0.04375215992331505,57,317165
1559,-0.042251624166965485,110,317275
1560,-15.831787109375,809,318084
1561,-14.571649551391602,1040,319124
1562,-23.021970748901367,1199,320323
1563,0.016530364751815796,230,320553
1564,-0.004814889281988144,70,320623
1565,-16.389541625976562,847,321470
1566,-6.00494384765625,408,321878
1567,-0.04296627268195152,70,321948
1568,-0.020158827304840088,68,322016
1569,-0.029799696058034897,72,322088
1570,-0.04413103684782982,78,322166
1571,0.0018841959536075592,105,322271
1572,-0.022752346470952034,70,322341
1573,-0.04426789656281471,102,322443
1574,-0.043795548379421234,73,322516
1575,-31.410058975219727,1482,323998
1576,-2.5596487522125244,416,324414
1577,-0.0016311928629875183,67,324481
1578,-0.02110031247138977,60,324541
1579,0.019525587558746338,147,324688
1580,-0.021184904500842094,69,324757
1581,-0.04356466978788376,124,324881
1582,-0.013671284541487694,78,324959
1583,-0.009679228067398071,71,325030
1584,-0.013528626412153244,68,325098
1585,-0.04350053519010544,51,325149
1586,0.0012864992022514343,91,325240
1587,-0.010908082127571106,167,325407
1588,-0.01572612300515175,76,325483
1589,-0.043809130787849426,69,325552
1590,-18.87527084350586,950,326502
1591,-0.015178520232439041,126,326628
1592,-0.06863221526145935,246,326874
1593,-0.040492333471775055,55,326929
1594,-0.010098766535520554,63,326992
1595,-0.020170768722891808,72,327064
1596,-0.015891671180725098,67,327131
1597,-0.0157453715801239,69,327200
1598,-0.01900576800107956,50,327250
1599,-0.003455575555562973,91,327341
1600,-13.151249885559082,768,328109
1601,-0.033597614616155624,66,328175
1602,-0.04364130645990372,50,328225
1603,-0.04359835013747215,53,328278
1604,-0.03523048385977745,60,328338
1605,-0.03517943248152733,58,328396
1606,-0.015012657269835472,100,328496
1607,-0.043584056198596954,82,328578
1608,-0.01718461513519287,82,328660
1609,-0.03888147696852684,69,328729
1610,-0.018243303522467613,69,328798
1611,-0.0009100921452045441,73,328871
1612,-0.02010788768529892,70,328941
1613,-0.033054202795028687,87,329028
1614,-0.0439121313393116,128,329156
1615,-18.583473205566406,938,330094
1616,0.0012239962816238403,155,330249
1617,-0.03797129541635513,81,330330
1618,-0.021565115079283714,61,330391
1619,0.006034281104803085,99,330490
1620,-0.043594252318143845,59,330549
1621,-0.02820819988846779,63,330612
1622,-0.0059308819472789764,66,330678
1623,-0.009950626641511917,160,330838
1624,-19.390859603881836,998,331836
1625,-0.011427363380789757,77,331913
1626,-0.044052764773368835,71,331984
1627,-14.12229061126709,760,332744
1628,-0.009413763880729675,60,332804
1629,-0.017762821167707443,64,332868
1630,-0.017140133306384087,62,332930
1631,-0.043770018965005875,74,333004
1632,-17.309167861938477,922,333926
1633,-12.265137672424316,774,334700
1634,0.07307998090982437,184,334884
1635,-0.016610965132713318,92,334976
1636,-0.04439811035990715,120,335096
1637,-0.006937861442565918,92,335188
1638,-0.02294243313372135,75,335263
1639,-3.220827102661133,451,335714
1640,-0.044251322746276855,89,335803
1641,-0.016190743073821068,112,335915
1642,-7.959174633026123,510,336425
1643,-0.018021253868937492,68,336493
1644,-0.04399796947836876,121,336614
1645,-0.022087780758738518,84,336698
1646,-0.012717049568891525,60,336758
1647,-6.577192306518555,565,337323
1648,0.03822245076298714,140,337463
1649,-0.043656062334775925,57,337520
1650,-0.04479294642806053,152,337672
1651,-0.043838366866111755,62,337734
1652,-0.021596742793917656,56,337790
1653,-0.004590366035699844,75,337865
1654,-0.014342045411467552,96,337961
1655,-0.006376571953296661,71,338032
1656,-4.960895538330078,418,338450
1657,-0.014688372611999512,88,338538
1658,-0.02667616493999958,56,338594
1659,-0.04316600412130356,179,338773
1660,-0.01377570629119873,52,338825
1661,-0.04364948719739914,56,338881
1662,-0.04361611232161522,52,338933
1663,-0.006673432886600494,52,338985
1664,-0.04371336102485657,48,339033
1665,-0.01558527909219265,132,339165
1666,-0.04367026686668396,57,339222
1667,-0.03432904928922653,388,339610
1668,-0.04396890476346016,69,339679
1669,-4.920557498931885,434,340113
1670,-0.03728737682104111,127,340240
1671,-6.510758399963379,447,340687
1672,-0.04281153902411461,66,340753
1673,-0.0437915101647377,59,340812
1674,-16.536169052124023,997,341809
1675,-5.327540397644043,435,342244
1676,-0.010045502334833145,80,342324
1677,0.010342244058847427,121,342445
1678,-0.01857178471982479,60,342505
1679,-0.010144907981157303,100,342605
1680,-0.01933775283396244,62,342667
1681,-0.04448067396879196,83,342750
1682,-12.614216804504395,825,343575
1683,-0.04435914009809494,158,343733
1684,-0.020770156756043434,59,343792
1685,-0.0014049820601940155,71,343863
1686,0.00014489516615867615,74,343937
1687,-6.7635297775268555,455,344392
1688,-0.19151656329631805,292,344684
1689,-0.044178836047649384,71,344755
1690,-4.7683916091918945,518,345273
1691,-0.009877964854240417,75,345348
1692,-0.025575043633580208,62,345410
1693,-0.02055690996348858,79,345489
1694,-0.01154417172074318,55,345544
1695,-3.1589508056640625,429,345973
1696,-13.146763801574707,799,346772
1697,-0.043824054300785065,45,346817
1698,-0.047749780118465424,338,347155
1699,-0.3706146776676178,294,347449
1700,-0.03894463926553726,66,347515
1701,-0.01977371796965599,67,347582
1702,-14.795473098754883,810,348392
1703,-0.044060785323381424,61,348453
1704,-0.043766554445028305,56,348509
1705,-0.04611608386039734,138,348647
1706,-0.04427623376250267,80,348727
1707,-8.574479103088379,516,349243
1708,-0.016806304454803467,68,349311
1709,-0.013899527490139008,53,349364
1710,0.023539558053016663,118,349482
1711,-0.011236574500799179,57,349539
1712,-0.04386729374527931,48,349587
1713,-0.02204415388405323,109,349696
1714,-0.01686660200357437,105,349801
1715,-0.018462590873241425,92,349893
1716,-0.044040780514478683,79,349972
1717,-2.707308292388916,458,350430
1718,-0.0442911833524704,78,350508
1719,-0.014570841565728188,84,350592
1720,-0.011968182399868965,67,350659
1721,-0.04435942694544792,104,350763
1722,0.07666908949613571,163,350926
1723,-0.01645553857088089,177,351103
1724,-0.02492760494351387,85,351188
1725,-0.04455648735165596,140,351328
1726,-0.028060320764780045,136,351464
1727,-0.018722835928201675,76,351540
1728,-14.138927459716797,733,352273
1729,-0.029857899993658066,60,352333
1730,-0.005086399614810944,108,352441
1731,-0.009216394275426865,80,352521
1732,-0.006046712398529053,84,352605
1733,-0.01741485483944416,69,352674
1734,-0.02220364660024643,60,352734
1735,-0.04444186016917229,89,352823
1736,-15.00505256652832,736,353559
1737,-0.043828871101140976,60,353619
1738,-0.021920163184404373,55,353674
1739,-0.034742601215839386,145,353819
1740,-0.021933503448963165,62,353881
1741,-0.04390356317162514,60,353941
1742,-0.0215282142162323,55,353996
1743,-0.044109638780355453,59,354055
1744,-0.04385073482990265,49,354104
1745,-2.2185730934143066,349,354453
1746,-0.005430757999420166,61,354514
1747,-13.518012046813965,710,355224
1748,-0.01127442717552185,110,355334
1749,0.0025004036724567413,77,355411
1750,-0.04615618288516998,143,355554
1751,-0.04400341585278511,61,355615
1752,-0.04079343006014824,52,355667
1753,-0.04472440481185913,189,355856
1754,0.02618236467242241,303,356159
1755,-0.020920518785715103,53,356212
1756,-0.04420449957251549,79,356291
1757,-0.006289325654506683,63,356354
1758,-0.04379281401634216,57,356411
1759,-0.04395366460084915,50,356461
1760,0.020058270543813705,172,356633
1761,0.18263861536979675,336,356969
1762,-0.018059490248560905,78,357047
1763,-0.016541915014386177,95,357142
1764,0.04599472135305405,130,357272
1765,-0.006938613951206207,82,357354
1766,-0.007758397608995438,62,357416
1767,-0.04282813146710396,93,357509
1768,-0.043830130249261856,47,357556
1769,-0.0076652951538562775,132,357688
1770,-0.020975947380065918,72,357760
1771,-0.04406420513987541,65,357825
1772,-0.01313612051308155,81,357906
1773,0.003504198044538498,68,357974
1774,-0.037088051438331604,60,358034
1775,-4.593019485473633,411,358445
1776,-0.04395773261785507,57,358502
1777,-0.009676314890384674,55,358557
1778,-0.014426615089178085,57,358614
1779,-0.005859900265932083,84,358698
1780,-0.020372582599520683,68,358766
1781,-0.008143395185470581,57,358823
1782,-0.011214081197977066,59,358882
1783,-0.011446654796600342,76,358958
1784,-0.04505063220858574,125,359083
1785,-0.04478450119495392,113,359196
1786,-0.024312874302268028,54,359250
1787,-0.04408580809831619,57,359307
1788,-0.00889107957482338,86,359393
1789,-0.04528781771659851,129,359522
1790,-0.017350858077406883,51,359573
1791,-0.04458492249250412,90,359663
1792,-0.00939100980758667,54,359717
1793,-0.004665974527597427,91,359808
1794,-0.044118646532297134,62,359870
1795,-0.007016807794570923,57,359927
1796,-0.044163938611745834,121,360048
1797,-0.0439583994448185,52,360100
1798,-0.044028282165527344,58,360158
1799,-0.044613663107156754,93,360251
1800,-0.004465963691473007,70,360321
1801,-0.0440535806119442,64,360385
1802,-0.03434529900550842,103,360488
1803,-0.014477565884590149,57,360545
1804,-0.008234970271587372,94,360639
1805,-0.04607200250029564,151,360790
1806,0.0038863494992256165,167,360957
1807,-0.028849482536315918,59,361016
1808,0.0008400306105613708,118,361134
1809,-0.04473910480737686,141,361275
1810,-0.013927152380347252,50,361325
1811,-0.006141625344753265,107,361432
1812,-0.012231826782226562,71,361503
1813,-0.044074516743421555,72,361575
1814,-15.601276397705078,798,362373
1815,-0.0009157992899417877,87,362460
1816,0.005145028233528137,75,362535
1817,0.18323957920074463,345,362880
1818,-10.100930213928223,554,363434
1819,-0.04029699042439461,139,363573
1820,-0.015933148562908173,65,363638
1821,-5.721643924713135,447,364085
1822,-0.02213514968752861,64,364149
1823,0.003567863255739212,79,364228
1824,-0.007323630154132843,59,364287
1825,-0.04455827176570892,157,364444
1826,-0.002757146954536438,82,364526
1827,-0.03091413341462612,132,364658
1828,-0.022245388478040695,148,364806
1829,-14.681947708129883,831,365637
1830,0.0002704225480556488,64,365701
1831,-0.047109898179769516,304,366005
1832,-5.648329734802246,449,366454
1833,-0.0018548034131526947,92,366546
1834,-0.04414576664566994,69,366615
1835,-0.004056826233863831,91,366706
1836,-0.009937778115272522,97,366803
1837,-0.04427972808480263,80,366883
1838,-0.04521486163139343,163,367046
1839,-0.044319480657577515,73,367119
1840,-0.015096716582775116,58,367177
1841,-0.03994261473417282,165,367342
1842,-0.007284913212060928,85,367427
1843,-0.029419904574751854,63,367490
1844,-0.04475505277514458,122,367612
1845,-16.407930374145508,799,368411
1846,-18.128498077392578,930,369341
1847,-0.014844980090856552,67,369408
1848,-0.04266166314482689,43,369451
1849,-0.044204603880643845,62,369513
1850,-0.006607659161090851,76,369589
1851,-5.010258197784424,433,370022
1852,-0.011330552399158478,57,370079
1853,-0.013997895643115044,45,370124
1854,-0.015293680131435394,54,370178
1855,-0.04401497170329094,53,370231
1856,-0.043884437531232834,45,370276
1857,-0.009829491376876831,75,370351
1858,-16.745317459106445,890,371241
1859,-2.7543671131134033,458,371699
1860,-0.04389467462897301,46,371745
1861,-0.004821646958589554,58,371803
1862,-0.010164670646190643,49,371852
1863,-0.008703108876943588,62,371914
1864,0.004834357649087906,109,372023
1865,-0.014251891523599625,64,372087
1866,-0.044383320957422256,77,372164
1867,-0.02893669903278351,52,372216
1868,-0.04442764073610306,73,372289
1869,-0.04265257343649864,111,372400
1870,-6.7803635597229,511,372911
1871,0.019086025655269623,91,373002
1872,-0.044022075831890106,53,373055
1873,-19.07568359375,932,373987
1874,-0.04481619596481323,110,374097
1875,-0.01275862380862236,53,374150
1876,-1.6089184284210205,354,374504
1877,0.035792019218206406,130,374634
1878,-0.016782013699412346,73,374707
1879,0.01433417946100235,135,374842
1880,0.0014667920768260956,84,374926
1881,-0.012081662192940712,65,374991
1882,0.0705573558807373,194,375185
1883,-0.04346979409456253,152,375337
1884,-0.02241392433643341,87,375424
1885,-13.33201789855957,719,376143
1886,-0.03827150911092758,66,376209
1887,-0.02586289308965206,75,376284
1888,-0.009322889149188995,72,376356
1889,-0.044347308576107025,74,376430
1890,0.02810748666524887,134,376564
1891,-0.044097211211919785,63,376627
1892,-1.4230073690414429,379,377006
1893,-0.010378234088420868,86,377092
1894,-0.04503192380070686,95,377187
1895,0.018498700112104416,98,377285
1896,0.005238335579633713,125,377410
1897,-0.044113848358392715,56,377466
1898,-18.146759033203125,922,378388
1899,-0.008306652307510376,65,378453
1900,0.04396757483482361,121,378574
1901,-0.04422320798039436,65,378639
1902,0.07831598818302155,157,378796
1903,-19.08564567565918,969,379765
1904,-0.044319041073322296,71,379836
1905,-0.012381836771965027,56,379892
1906,-0.019512774422764778,73,379965
1907,-0.021969018504023552,54,380019
1908,-0.04409255459904671,53,380072
1909,-0.04528675973415375,93,380165
1910,-0.04447817802429199,93,380258
1911,-0.018704934045672417,70,380328
1912,0.35515889525413513,349,380677
1913,-6.038708686828613,420,381097
1914,-0.01018916442990303,67,381164
1915,-3.3550939559936523,414,381578
1916,-0.044243451207876205,146,381724
1917,-0.015610631555318832,55,381779
1918,-0.020563289523124695,80,381859
1919,-4.171629905700684,421,382280
1920,-0.04058653116226196,48,382328
1921,-0.04408975690603256,50,382378
1922,-0.014213243499398232,74,382452
1923,-0.013328533619642258,70,382522
1924,-0.044690683484077454,146,382668
1925,0.05507732555270195,157,382825
1926,0.007395289838314056,97,382922
1927,-0.013902267441153526,82,383004
1928,-0.04423115774989128,58,383062
1929,-15.544641494750977,786,383848
1930,-0.04413573443889618,56,383904
1931,-0.03829390928149223,54,383958
1932,-0.020595094189047813,366,384324
1933,-0.04544968158006668,168,384492
1934,-0.044383689761161804,63,384555
1935,-2.2954459190368652,539,385094
1936,-0.01344802975654602,59,385153
1937,0.011197566986083984,121,385274
1938,-0.03131615370512009,54,385328
1939,-0.0029106400907039642,100,385428
1940,-0.04410073161125183,50,385478
1941,-0.020286692306399345,68,385546
1942,-0.016421573236584663,56,385602
1943,0.03168187662959099,142,385744
1944,-0.02218850515782833,76,385820
1945,-0.044669974595308304,82,385902
1946,-0.009448423981666565,111,386013
1947,-0.026522034779191017,61,386074
1948,-0.004666432738304138,83,386157
1949,0.05662059411406517,153,386310
1950,-0.04470935836434364,77,386387
1951,-5.529993057250977,462,386849
1952,0.02502521127462387,120,386969
1953,-0.04486213997006416,143,387112
1954,-0.016788117587566376,52,387164
1955,-4.247284412384033,423,387587
1956,0.048970650881528854,155,387742
1957,-0.04549657180905342,117,387859
1958,-16.40118980407715,860,388719
1959,0.1329623907804489,147,388866
1960,-0.007568005472421646,92,388958
1961,0.032458577305078506,113,389071
1962,-0.04551710560917854,92,389163
1963,-0.013195313513278961,74,389237
1964,-36.283084869384766,1768,391005
1965,-0.0445932112634182,76,391081
1966,-0.04805339127779007,322,391403
1967,0.021883446723222733,99,391502
1968,-0.04430270940065384,73,391575
1969,0.017773907631635666,99,391674
1970,-0.017685532569885254,156,391830
1971,-0.04540162533521652,105,391935
1972,-0.021601175889372826,65,392000
1973,-0.04031156748533249,62,392062
1974,0.07259610295295715,147,392209
1975,-0.021948782727122307,53,392262
1976,-0.0126221664249897,52,392314
1977,0.097613126039505,157,392471
1978,0.0986618846654892,148,392619
1979,-0.04457201436161995,68,392687
1980,-0.04459654912352562,117,392804
1981,0.24011242389678955,321,393125
1982,-0.9013575911521912,416,393541
1983,-0.15940368175506592,313,393854
1984,0.04375903308391571,126,393980
1985,0.018207073211669922,121,394101
1986,0.031612418591976166,120,394221
1987,0.0019814856350421906,85,394306
1988,-0.11903901398181915,144,394450
1989,0.0009770579636096954,77,394527
1990,0.0030465200543403625,109,394636
1991,-0.02821391075849533,85,394721
1992,0.020628180354833603,97,394818
1993,-0.010979924350976944,71,394889
1994,0.03136136755347252,149,395038
1995,-0.012611651793122292,65,395103
1996,-0.013930873945355415,71,395174
1997,-0.04529736563563347,92,395266
1998,-0.007505923509597778,85,395351
1999,-0.01733548194169998,83,395434
2000,-6.105798721313477,420,395854
2001,-0.04753921553492546,227,396081
2002,-0.04518312215805054,90,396171
2003,0.04761538282036781,117,396288
2004,-0.04575700685381889,142,396430
2005,-0.00947573408484459,137,396567
2006,0.004515830427408218,92,396659
2007,-0.0019524767994880676,80,396739
2008,-0.04571996629238129,118,396857
2009,0.022914405912160873,112,396969
2010,-0.014424456283450127,119,397088
2011,0.10053227841854095,298,397386
2012,-0.011275477707386017,52,397438
2013,0.03410546854138374,116,397554
2014,0.03195805102586746,106,397660
2015,-0.009661611169576645,122,397782
2016,0.008120395243167877,89,397871
2017,-0.04576835781335831,105,397976
2018,0.0006493851542472839,76,398052
2019,0.024747788906097412,133,398185
2020,-0.02050013653934002,59,398244
2021,-0.044438887387514114,62,398306
2022,0.03829234465956688,143,398449
2023,-0.04198066145181656,69,398518
2024,2.3331493139266968e-05,86,398604
2025,-0.04428556188941002,57,398661
2026,-0.03913179785013199,83,398744
2027,-0.044568225741386414,70,398814
2028,0.010475389659404755,97,398911
2029,0.0062450990080833435,75,398986
2030,-0.04579049348831177,116,399102
2031,-0.044764384627342224,75,399177
2032,-0.0430792011320591,94,399271
2033,0.010306201875209808,98,399369
2034,-7.495019912719727,622,399991
2035,0.012969914823770523,129,400120
2036,-16.34957504272461,901,401021
2037,-0.044230300933122635,165,401186
2038,0.0002695620059967041,137,401323
2039,0.07326380908489227,127,401450
2040,0.17386920750141144,304,401754
2041,0.1000048816204071,148,401902
2042,-0.028395473957061768,93,401995
2043,0.01700873300433159,97,402092
2044,0.09895206987857819,142,402234
2045,0.0012314505875110626,102,402336
2046,-0.04428170993924141,128,402464
2047,0.0325758121907711,139,402603
2048,-0.013206474483013153,184,402787
2049,-1.9112317562103271,349,403136
2050,0.13614565134048462,254,403390
2051,-0.012705136090517044,70,403460
2052,-2.0115551948547363,463,403923
2053,0.015359301120042801,104,404027
2054,-10.939258575439453,708,404735
2055,0.015326134860515594,96,404831
2056,-0.016379615291953087,119,404950
2057,-0.043448761105537415,72,405022
2058,-0.007958445698022842,86,405108
2059,-13.021663665771484,869,405977
2060,0.004322461783885956,84,406061
2061,-0.04501781240105629,97,406158
2062,-0.04497670754790306,125,406283
2063,-0.00740453228354454,127,406410
2064,-0.7208811044692993,351,406761
2065,-0.03496474027633667,111,406872
2066,-0.045214198529720306,99,406971
2067,-0.044948235154151917,93,407064
2068,-0.03363857418298721,77,407141
2069,-0.009904693812131882,123,407264
2070,-0.04473588988184929,79,407343
2071,-0.044591981917619705,68,407411
2072,-0.0046543218195438385,89,407500
2073,-0.04479347541928291,90,407590
2074,0.003655746579170227,67,407657
2075,-0.04454421252012253,61,407718
2076,-7.3027663230896,540,408258
2077,-0.04029093310236931,100,408358
2078,-0.045763593167066574,120,408478
2079,-0.045097582042217255,84,408562
2080,0.06330282986164093,134,408696
2081,0.06744901090860367,137,408833
2082,-0.044838547706604004,73,408906
2083,-0.00843736156821251,73,408979
2084,0.04562351480126381,113,409092
2085,-0.014018703252077103,108,409200
2086,0.00040739402174949646,78,409278
2087,-0.04550894349813461,161,409439
2088,0.006529577076435089,76,409515
2089,0.004084121435880661,91,409606
2090,0.05717445909976959,121,409727
2091,0.04518203064799309,139,409866
2092,-0.008967388421297073,102,409968
2093,-0.0008175782859325409,77,410045
2094,-12.61583137512207,843,410888
2095,-0.02195809967815876,52,410940
2096,0.27644383907318115,293,411233
2097,-2.9238414764404297,409,411642
2098,-0.7824105620384216,260,411902
2099,-0.044929929077625275,88,411990
2100,-0.04634711891412735,126,412116
2101,-0.00545993447303772,97,412213
2102,0.05170812830328941,121,412334
2103,-0.008816879242658615,125,412459
2104,0.07526437938213348,135,412594
2105,-0.00759071484208107,67,412661
2106,0.1065845787525177,411,413072
2107,0.025500375777482986,109,413181
2108,0.0065950676798820496,119,413300
2109,-0.004013977944850922,56,413356
2110,0.002003878355026245,77,413433
2111,-0.044755514711141586,101,413534
2112,0.030362766236066818,117,413651
2113,-0.044732384383678436,90,413741
2114,-0.01911059394478798,52,413793
2115,-0.04552000015974045,112,413905
2116,-0.0222774650901556,64,413969
2117,-0.04519733041524887,124,414093
2118,-1.4857834577560425,357,414450
2119,-0.04101494699716568,155,414605
2120,-0.04489460587501526,81,414686
2121,0.0029141977429389954,91,414777
2122,-0.014963610097765923,68,414845
2123,0.03493557870388031,115,414960
2124,0.05833335220813751,129,415089
2125,-17.320491790771484,980,416069
2126,-0.02336171828210354,115,416184
2127,-0.001687362790107727,92,416276
2128,-9.89004135131836,685,416961
2129,-8.993409156799316,682,417643
2130,-0.0031624771654605865,100,417743
2131,-19.264062881469727,1052,418795
2132,-0.04697773978114128,210,419005
2133,-0.007024258375167847,71,419076
2134,-0.01313159428536892,65,419141
2135,-0.014605443924665451,86,419227
2136,-0.044929441064596176,118,419345
2137,-0.019646605476737022,101,419446
2138,0.02873915806412697,103,419549
2139,-0.013783149421215057,78,419627
2140,0.09855599701404572,229,419856
2141,-0.007610108703374863,69,419925
2142,-0.017219040542840958,55,419980
2143,-0.04524232819676399,91,420071
2144,-0.00968410074710846,74,420145
2145,0.013412203639745712,119,420264
2146,-14.869232177734375,905,421169
2147,-0.044827211648225784,68,421237
2148,-0.04703257977962494,239,421476
2149,0.019141070544719696,101,421577
2150,-0.013658339157700539,78,421655
2151,-0.045294202864170074,216,421871
2152,0.01170063391327858,92,421963
2153,-13.143845558166504,748,422711
2154,-15.372657775878906,870,423581
2155,-13.414098739624023,728,424309
2156,0.03257432579994202,124,424433
2157,0.004072427749633789,78,424511
2158,0.0032399147748947144,97,424608
2159,-17.455442428588867,892,425500
2160,-0.021651776507496834,52,425552
2161,-0.04421189799904823,52,425604
2162,-0.04457469284534454,63,425667
2163,-0.04448787122964859,64,425731
2164,-0.0445803664624691,55,425786
2165,-0.007269900292158127,122,425908
2166,-0.012214016169309616,80,425988
2167,-0.04465151205658913,66,426054
2168,-17.06003761291504,856,426910
2169,0.019259512424468994,95,427005
2170,-0.0454101487994194,101,427106
2171,-0.019983822479844093,55,427161
2172,-0.014076916500926018,82,427243
2173,-0.014820076525211334,58,427301
2174,0.014911532402038574,93,427394
2175,0.025781620293855667,113,427507
2176,-0.0038897432386875153,67,427574
2177,-18.68714141845703,905,428479
2178,-0.006365582346916199,73,428552
2179,0.05043448135256767,118,428670
2180,-0.03282908350229263,57,428727
2181,0.053403373807668686,121,428848
2182,-0.0017446056008338928,77,428925
2183,-0.04482981562614441,87,429012
2184,-0.04481983929872513,94,429106
2185,-0.03783953934907913,138,429244
2186,-0.04471149668097496,68,429312
2187,-0.012488003820180893,71,429383
2188,-0.036170829087495804,94,429477
2189,-0.039568159729242325,117,429594
2190,0.035982005298137665,119,429713
2191,-13.563763618469238,742,430455
2192,-0.009977731853723526,66,430521
2193,-0.02470603957772255,122,430643
2194,0.030236028134822845,110,430753
2195,0.04477778822183609,120,430873
2196,-13.636990547180176,735,431608
2197,-0.04608427360653877,220,431828
2198,-0.04245876893401146,112,431940
2199,-0.04453687369823456,66,432006
2200,-0.044463012367486954,114,432120
2201,-0.00024082884192466736,71,432191
2202,-0.01920083351433277,121,432312
2203,0.0005700848996639252,124,432436
2204,0.06666158139705658,133,432569
2205,-0.009126000106334686,91,432660
2206,-0.045127853751182556,166,432826
2207,0.003130849450826645,93,432919
2208,0.06703932583332062,124,433043
2209,-0.023269593715667725,84,433127
2210,-0.045038118958473206,100,433227
2211,-0.044340383261442184,61,433288
2212,0.01471833884716034,111,433399
2213,0.045000817626714706,124,433523
2214,0.008583419024944305,106,433629
2215,0.0005645379424095154,83,433712
2216,-0.017839379608631134,55,433767
2217,-0.011155404150485992,72,433839
2218,0.020157836377620697,134,433973
2219,-0.044487763196229935,57,434030
2220,-0.04442203789949417,60,434090
2221,-0.02177937887609005,56,434146
2222,0.03400230035185814,126,434272
2223,-0.04199949651956558,95,434367
2224,-0.045361828058958054,165,434532
2225,-0.046058326959609985,169,434701
2226,-0.04520413652062416,170,434871
2227,-0.04492514953017235,87,434958
2228,0.006720215082168579,408,435366
2229,-0.04573392868041992,104,435470
2230,0.0050790682435035706,69,435539
2231,0.009686309844255447,134,435673
2232,-0.04519565403461456,133,435806
2233,-9.180378913879395,674,436480
2234,-12.12159538269043,790,437270
2235,-0.018837979063391685,61,437331
2236,0.03638412058353424,157,437488
2237,0.06451793015003204,132,437620
2238,0.026887018233537674,117,437737
2239,-0.044822998344898224,71,437808
2240,0.007011499255895615,80,437888
2241,-7.3741230964660645,657,438545
2242,-0.0053168609738349915,70,438615
2243,-7.195952892303467,440,439055
2244,-0.02767306938767433,299,439354
2245,0.012117195874452591,99,439453
2246,0.07473017275333405,131,439584
2247,-0.012180492281913757,50,439634
2248,0.03347064554691315,112,439746
2249,-0.04489726573228836,75,439821
2250,-0.04549530893564224,110,439931
2251,-1.8828080892562866,452,440383
2252,0.033380139619112015,109,440492
2253,-0.44933950901031494,148,440640
2254,-0.04654521867632866,160,440800
2255,0.006643705070018768,83,440883
2256,0.11146187037229538,137,441020
2257,-0.03242511302232742,71,441091
2258,-0.018946083262562752,199,441290
2259,0.008028976619243622,96,441386
2260,-0.01199021190404892,70,441456
2261,0.05397902429103851,133,441589
2262,-0.012065459042787552,86,441675
2263,-0.04463990405201912,59,441734
2264,0.00338929146528244,68,441802
2265,-0.04538850486278534,86,441888
2266,-0.04512814059853554,90,441978
2267,-0.0049139708280563354,83,442061
2268,-9.439223289489746,666,442727
2269,-0.04440964758396149,48,442775
2270,-0.5961829423904419,326,443101
2271,0.007096040993928909,152,443253
2272,-0.020742522552609444,125,443378
2273,-0.04700608178973198,312,443690
2274,-0.04489311948418617,84,443774
2275,-0.044456738978624344,115,443889
2276,-0.008516468107700348,59,443948
2277,-0.044389016926288605,120,444068
2278,-0.014216138049960136,55,444123
2279,0.0475706085562706,148,444271
2280,-3.4803097248077393,378,444649
2281,0.068278968334198,134,444783
2282,-0.040521614253520966,69,444852
2283,-0.01111777126789093,61,444913
2284,0.1479525864124298,196,445109
2285,0.018870506435632706,97,445206
2286,-0.0032434500753879547,231,445437
2287,-19.521106719970703,960,446397
2288,0.0108557790517807,102,446499
2289,-0.04442805424332619,47,446546
2290,-0.00016117095947265625,106,446652
2291,0.003069799393415451,111,446763
2292,-0.016140112653374672,151,446914
2293,-0.04452533274888992,46,446960
2294,-15.69174575805664,855,447815
2295,-0.01436857134103775,64,447879
2296,-0.012910222634673119,50,447929
2297,0.012515787035226822,93,448022
2298,-0.044563695788383484,57,448079
2299,-0.04646989330649376,121,448200
2300,-0.010255519300699234,56,448256
2301,-0.007084444165229797,58,448314
2302,-0.04516536369919777,119,448433
2303,0.10960687696933746,132,448565
2304,-0.044613227248191833,54,448619
2305,-1.5479897260665894,410,449029
2306,-0.014712018892168999,52,449081
2307,-0.0068178437650203705,71,449152
2308,-0.028449567034840584,54,449206
2309,-0.044594429433345795,56,449262
2310,-0.016597960144281387,60,449322
2311,-0.007762867957353592,71,449393
2312,0.06887589395046234,153,449546
2313,-0.0451304167509079,70,449616
2314,-10.481475830078125,568,450184
2315,0.08908559381961823,133,450317
2316,-0.0077742114663124084,59,450376
2317,0.003948859870433807,80,450456
2318,-15.778308868408203,801,451257
2319,-10.891322135925293,616,451873
2320,-1.7452027797698975,356,452229
2321,-0.0026323646306991577,65,452294
2322,0.111419178545475,135,452429
2323,0.0456029437482357,118,452547
2324,-0.04442068934440613,55,452602
2325,-0.0447859987616539,62,452664
2326,-0.01993478834629059,108,452772
2327,-0.010894950479269028,52,452824
2328,-0.010725993663072586,71,452895
2329,0.1198180764913559,319,453214
2330,-0.0014779753983020782,83,453297
2331,0.08074791729450226,126,453423
2332,-0.045161765068769455,105,453528
2333,0.02111203968524933,101,453629
2334,-0.01121314987540245,49,453678
2335,-7.641111850738525,490,454168
2336,-0.04474547877907753,65,454233
2337,0.024242691695690155,150,454383
2338,-0.04475522041320801,62,454445
2339,0.07595105469226837,126,454571
2340,-9.719008445739746,554,455125
2341,-0.001663360744714737,84,455209
2342,0.004065386950969696,110,455319
2343,-0.04455175623297691,42,455361
2344,-0.04505426809191704,86,455447
2345,-0.04475986585021019,60,455507
2346,-0.04461832344532013,51,455558
2347,-0.045090727508068085,83,455641
2348,-0.02086143009364605,71,455712
2349,-0.01560969464480877,60,455772
2350,-0.029521318152546883,47,455819
2351,0.1304972916841507,343,456162
2352,-5.557942867279053,392,456554
2353,-0.045285433530807495,76,456630
2354,-0.7775397300720215,292,456922
2355,-0.018956832587718964,59,456981
2356,-0.04476676508784294,58,457039
2357,-0.014709696173667908,49,457088
2358,-0.04348800331354141,68,457156
2359,-0.017139261588454247,60,457216
2360,-0.022676415741443634,77,457293
2361,-0.025942165404558182,92,457385
2362,-0.011102177202701569,47,457432
2363,-0.01308850385248661,56,457488
2364,0.07814406603574753,149,457637
2365,-0.0023569390177726746,90,457727
2366,-0.0433492474257946,55,457782
2367,0.09689196944236755,346,458128
2368,-0.04658268019556999,233,458361
2369,-0.017441481351852417,52,458413
2370,-12.793740272521973,694,459107
2371,-0.0075509212911129,99,459206
2372,-1.2850466966629028,453,459659
2373,-0.013563545420765877,53,459712
2374,-0.010501187294721603,52,459764
2375,-0.0043396130204200745,84,459848
2376,-0.043175794184207916,56,459904
2377,-0.03735619783401489,56,459960
2378,-0.0031936950981616974,56,460016
2379,-0.01629856415092945,49,460065
2380,0.0010782554745674133,89,460154
2381,-0.005701493471860886,121,460275
2382,-0.03224848210811615,91,460366
2383,-0.010184641927480698,56,460422
2384,-0.04467114806175232,52,460474
2385,-0.004779059439897537,57,460531
2386,-0.04668401554226875,194,460725
2387,0.10218168050050735,137,460862
2388,-0.013665711507201195,53,460915
2389,-0.04457005485892296,52,460967
2390,-0.0384945273399353,52,461019
2391,0.016301371157169342,137,461156
2392,-19.325225830078125,967,462123
2393,0.008025802671909332,135,462258
2394,-0.0164563599973917,136,462394
2395,-0.0026972368359565735,65,462459
2396,0.01496812328696251,84,462543
2397,0.013338465243577957,94,462637
2398,-6.107198238372803,515,463152
2399,-0.2732574939727783,332,463484
2400,-2.034757137298584,378,463862
2401,-15.418932914733887,786,464648
2402,0.07411183416843414,125,464773
2403,-0.04489436000585556,56,464829
2404,-0.8217881321907043,424,465253
2405,-0.045515116304159164,96,465349
2406,-0.011379867792129517,118,465467
2407,-13.865488052368164,853,466320
2408,-0.013399774208664894,63,466383
2409,-0.04466022923588753,48,466431
2410,-0.044794559478759766,113,466544
2411,-16.530227661132812,837,467381
2412,-0.007953174412250519,74,467455
2413,-0.044594332575798035,115,467570
2414,-0.04486618936061859,76,467646
2415,-0.0017713531851768494,76,467722
2416,-0.045233406126499176,78,467800
2417,0.029763992875814438,121,467921
2418,-0.046086981892585754,141,468062
2419,-0.016161201521754265,54,468116
2420,-0.045378006994724274,101,468217
2421,0.03488466143608093,117,468334
2422,0.001462407410144806,143,468477
2423,-0.015022430568933487,72,468549
2424,0.014202486723661423,92,468641
2425,-0.016592636704444885,61,468702
2426,-0.017042778432369232,61,468763
2427,-0.045609403401613235,112,468875
2428,-0.007297419011592865,50,468925
2429,-0.04497992992401123,72,468997
2430,-0.04509466141462326,95,469092
2431,-0.010448701679706573,78,469170
2432,-0.018858501687645912,63,469233
2433,-0.007062770426273346,69,469302
2434,-0.02902863919734955,131,469433
2435,-0.03214050829410553,85,469518
2436,-0.04481519013643265,66,469584
2437,-0.04472222924232483,55,469639
2438,-0.04538628086447716,135,469774
2439,-0.004489276558160782,59,469833
2440,0.02554165944457054,99,469932
2441,-0.000759471207857132,65,469997
2442,-0.0452306903898716,95,470092
2443,-0.010030336678028107,55,470147
2444,-0.003296647220849991,67,470214
2445,0.01750553771853447,139,470353
2446,0.0046516843140125275,78,470431
2447,-0.02983097732067108,77,470508
2448,-10.060147285461426,734,471242
2449,-0.014398327097296715,60,471302
2450,-0.013801978901028633,60,471362
2451,-13.659750938415527,745,472107
2452,-0.04586544260382652,138,472245
2453,-0.04498617723584175,80,472325
2454,-0.04562780633568764,94,472419
2455,-0.04523094743490219,73,472492
2456,0.03740227594971657,131,472623
2457,-0.02300707995891571,60,472683
2458,-0.04552163928747177,119,472802
2459,-19.207786560058594,991,473793
2460,0.07427796721458435,143,473936
2461,-0.04496588185429573,123,474059
2462,-0.04468729346990585,51,474110
2463,-0.03532534837722778,105,474215
2464,0.013522502034902573,96,474311
2465,-0.045846354216337204,141,474452
2466,-0.013212492689490318,56,474508
2467,-0.021107416599988937,67,474575
2468,0.016446005553007126,87,474662
2469,-0.01935405470430851,61,474723
2470,0.0025063082575798035,78,474801
2471,-0.020237475633621216,66,474867
2472,0.013936273753643036,99,474966
2473,-0.005374331027269363,79,475045
2474,-0.0447048544883728,53,475098
2475,-0.01676056534051895,107,475205
2476,-0.04471224918961525,112,475317
2477,-0.04531311243772507,124,475441
2478,-4.874281883239746,507,475948
2479,-0.0007445216178894043,59,476007
2480,-0.010332822799682617,67,476074
2481,-0.044690899550914764,55,476129
2482,-0.01306900754570961,56,476185
2483,-0.045744407922029495,82,476267
2484,-0.04536251723766327,127,476394
2485,-8.741124153137207,666,477060
2486,-0.04500407725572586,126,477186
2487,0.08572962880134583,129,477315
2488,0.020549390465021133,99,477414
2489,-0.0080769844353199,102,477516
2490,-0.04625248908996582,130,477646
2491,0.04291810840368271,111,477757
2492,0.004823744297027588,85,477842
2493,-0.04530829191207886,90,477932
2494,-0.044874440878629684,143,478075
2495,-0.0024382509291172028,67,478142
2496,0.013058684766292572,77,478219
2497,0.006420828402042389,79,478298
2498,0.013649720698595047,104,478402
2499,-0.018249133601784706,49,478451
2500,-1.6726789474487305,366,478817
2501,0.02750193327665329,132,478949
2502,-0.0025419294834136963,60,479009
2503,-0.024708647280931473,117,479126
2504,-0.007238674908876419,56,479182
2505,-1.2471190690994263,365,479547
2506,-0.045468807220458984,90,479637
2507,-0.007236193865537643,49,479686
2508,-2.148120403289795,412,480098
2509,-3.1553282737731934,378,480476
2510,-27.88027000427246,1282,481758
2511,-0.0423697791993618,90,481848
2512,-0.046011876314878464,93,481941
2513,0.006710585206747055,141,482082
2514,-0.04483673349022865,80,482162
2515,-5.860708713531494,538,482700
2516,-0.610913097858429,363,483063
2517,-0.04576694592833519,130,483193
2518,-0.021580521017313004,57,483250
2519,0.0664292648434639,311,483561
2520,0.057355064898729324,303,483864
2521,-0.04508873447775841,131,483995
2522,-0.03754081204533577,83,484078
2523,0.012187805026769638,126,484204
2524,-0.046717364341020584,129,484333
2525,0.04312930256128311,129,484462
2526,-0.0014925673604011536,85,484547
2527,-0.046863798052072525,126,484673
2528,0.011661376804113388,100,484773
2529,0.03728167340159416,134,484907
2530,-0.009432513266801834,85,484992
2531,-0.04608345031738281,168,485160
2532,-0.03700118884444237,120,485280
2533,-0.0449463352560997,55,485335
2534,0.07832309603691101,165,485500
2535,-0.013660157099366188,91,485591
2536,-9.268136024475098,670,486261
2537,-0.019766872748732567,60,486321
2538,-0.015292089432477951,76,486397
2539,-0.00846923142671585,81,486478
2540,-0.04511168599128723,124,486602
2541,-0.045125819742679596,64,486666
2542,-0.02139992080628872,51,486717
2543,-0.04616639390587807,82,486799
2544,-0.04518001526594162,74,486873
2545,0.00903705507516861,83,486956
2546,-0.044945795089006424,74,487030
2547,-0.013040129095315933,74,487104
2548,-0.04051992669701576,146,487250
2549,0.06900903582572937,139,487389
2550,0.013279441744089127,91,487480
2551,0.028495226055383682,124,487604
2552,0.07868742197751999,157,487761
2553,-0.04647577553987503,157,487918
2554,-0.014861393719911575,51,487969
2555,-0.009891059249639511,83,488052
2556,-0.045185454189777374,70,488122
2557,-11.309441566467285,710,488832
2558,-20.88755226135254,986,489818
2559,-0.018268967047333717,53,489871
2560,-20.00521469116211,991,490862
2561,-0.007119063287973404,60,490922
2562,-0.04393766447901726,92,491014
2563,-0.01185297966003418,56,491070
2564,-0.04485960304737091,59,491129
2565,0.016006000339984894,86,491215
2566,-0.04492336884140968,59,491274
2567,-0.013603419065475464,77,491351
2568,0.3419710695743561,351,491702
2569,-0.01708652637898922,74,491776
2570,-0.04518778622150421,67,491843
2571,-0.007119312882423401,90,491933
2572,0.1316370666027069,150,492083
2573,0.00828077644109726,92,492175
2574,0.1198248565196991,136,492311
2575,-0.04529796540737152,83,492394
2576,0.013869524002075195,152,492546
2577,-0.0453484021127224,123,492669
2578,-0.01373976469039917,80,492749
2579,-0.04562979191541672,98,492847
2580,-0.007305692881345749,85,492932
2581,-0.028780484572052956,117,493049
2582,0.10575999319553375,179,493228
2583,-0.01946205459535122,140,493368
2584,0.2819909453392029,302,493670
2585,-0.04623294994235039,156,493826
2586,-0.009885776787996292,159,493985
2587,-0.5791135430335999,377,494362
2588,-0.02394639514386654,130,494492
2589,-0.011128470301628113,66,494558
2590,-0.036433927714824677,143,494701
2591,0.07630166411399841,120,494821
2592,-0.022385872900485992,56,494877
2593,0.04880788177251816,146,495023
2594,-0.04835951700806618,283,495306
2595,-0.0017303787171840668,127,495433
2596,-0.04516829550266266,65,495498
2597,-0.04525582864880562,116,495614
2598,-0.00517847016453743,165,495779
2599,-9.173675537109375,533,496312
2600,-0.04452823847532272,141,496453
2601,-0.04516180232167244,109,496562
2602,-0.004099097102880478,53,496615
2603,-0.0007568523287773132,117,496732
2604,-0.025070179253816605,71,496803
2605,-0.009163592010736465,61,496864
2606,0.008419018238782883,121,496985
2607,-6.657680511474609,427,497412
2608,-0.037567704916000366,83,497495
2609,-0.044917233288288116,64,497559
2610,-7.146983623504639,640,498199
2611,-8.584131240844727,650,498849
2612,-0.04510411620140076,65,498914
2613,0.008648522198200226,106,499020
2614,0.025498773902654648,135,499155
2615,0.007984451949596405,78,499233
2616,-0.0281209833920002,146,499379
2617,-0.04611806944012642,157,499536
2618,-0.04558379203081131,77,499613
2619,-0.049237750470638275,317,499930
2620,-0.04516860097646713,125,500055
2621,-0.04510684311389923,62,500117
2622,-0.0453207828104496,83,500200
2623,0.059826675802469254,151,500351
2624,-0.009198706597089767,99,500450
2625,0.0009933821856975555,80,500530
2626,-0.004782412201166153,62,500592
2627,0.11719827353954315,145,500737
2628,-0.020536968484520912,64,500801
2629,-0.04510052874684334,75,500876
2630,-0.04529252648353577,80,500956
2631,-0.04571416974067688,119,501075
2632,-0.009039390832185745,67,501142
2633,-0.04600081965327263,96,501238
2634,-0.04508708417415619,78,501316
2635,-0.019849669188261032,63,501379
2636,-0.01540539413690567,58,501437
2637,-0.02110544592142105,89,501526
2638,-0.0011035948991775513,120,501646
2639,-0.00677398219704628,128,501774
2640,-0.04572533071041107,140,501914
2641,0.014430474489927292,135,502049
2642,-0.017881756648421288,66,502115
2643,-25.094778060913086,1371,503486
2644,-0.006561268121004105,86,503572
2645,0.05337944254279137,144,503716
2646,-12.035048484802246,614,504330
2647,0.09036138653755188,141,504471
2648,-0.010246984660625458,76,504547
2649,0.03317777067422867,104,504651
2650,-0.011010758578777313,91,504742
2651,0.009686395525932312,154,504896
2652,0.007938586175441742,82,504978
2653,-0.009826768189668655,72,505050
2654,0.005713094025850296,78,505128
2655,-0.007128242403268814,67,505195
2656,-15.57844066619873,959,506154
2657,-3.1028530597686768,345,506499
2658,-0.016146354377269745,70,506569
2659,-0.045643534511327744,166,506735
2660,-0.04496026411652565,55,506790
2661,-6.429195404052734,398,507188
2662,-0.04563085362315178,118,507306
2663,-0.008830759674310684,63,507369
2664,0.004286341369152069,75,507444
2665,-0.04506264626979828,60,507504
2666,0.029714278876781464,102,507606
2667,-0.009760305285453796,74,507680
2668,-5.368179798126221,513,508193
2669,-0.045184895396232605,64,508257
2670,-0.007007282227277756,64,508321
2671,-0.0020642541348934174,71,508392
2672,0.0011520273983478546,69,508461
2673,-0.014956628903746605,123,508584
2674,-0.04543095827102661,96,508680
2675,-0.04535384848713875,127,508807
2676,-0.015207469463348389,72,508879
2677,0.0013304688036441803,164,509043
2678,-0.012115474790334702,57,509100
2679,-0.012311995029449463,59,509159
2680,-22.98095703125,1107,510266
2681,0.020685862749814987,102,510368
2682,-7.234013557434082,499,510867
2683,0.007765874266624451,97,510964
2684,-0.009323179721832275,74,511038
2685,-0.007154837250709534,75,511113
2686,-0.0433824360370636,134,511247
2687,-0.027227111160755157,60,511307
2688,0.024051964282989502,125,511432
2689,-0.02271728403866291,72,511504
2690,0.017255611717700958,108,511612
2691,-0.01299259439110756,120,511732
2692,-0.03510701656341553,102,511834
2693,0.01251986250281334,103,511937
2694,-0.045503582805395126,116,512053
2695,-0.04385096952319145,125,512178
2696,0.05701267346739769,132,512310
2697,-0.014328600838780403,139,512449
2698,-13.749948501586914,874,513323
2699,-0.045322783291339874,76,513399
2700,-0.032526616007089615,62,513461
2701,-0.04608571529388428,93,513554
2702,0.006345316767692566,108,513662
2703,-0.022692089900374413,88,513750
2704,-0.045012567192316055,58,513808
2705,0.01238163560628891,97,513905
2706,0.1853349208831787,348,514253
2707,-0.03339271619915962,136,514389
2708,0.011899031698703766,82,514471
2709,0.002702094614505768,87,514558
2710,0.031414806842803955,101,514659
2711,-0.045408472418785095,143,514802
2712,0.00998350977897644,89,514891
2713,-14.735627174377441,828,515719
2714,-17.669477462768555,937,516656
2715,-0.01762436330318451,55,516711
2716,-0.0026657171547412872,113,516824
2717,-0.0415731705725193,101,516925
2718,-0.005030311644077301,80,517005
2719,-0.04518787935376167,120,517125
2720,0.09964026510715485,157,517282
2721,-0.045242782682180405,75,517357
2722,0.022096332162618637,109,517466
2723,0.011144399642944336,87,517553
2724,-0.017597621306777,52,517605
2725,0.03749336674809456,96,517701
2726,-0.008932992815971375,80,517781
2727,-11.018941879272461,808,518589
2728,-0.04609212651848793,101,518690
2729,0.016673032194375992,147,518837
2730,-0.01608547940850258,60,518897
2731,-0.01889568753540516,53,518950
2732,-0.04343448206782341,109,519059
2733,0.030801888555288315,122,519181
2734,-0.0458773598074913,109,519290
2735,0.045717641711235046,116,519406
2736,-0.04550344869494438,99,519505
2737,0.017556630074977875,195,519700
2738,-0.04601115733385086,134,519834
2739,-0.04170040041208267,81,519915
2740,-0.016580965369939804,86,520001
2741,-0.047405779361724854,172,520173
2742,-18.612197875976562,1082,521255
2743,-0.007882073521614075,67,521322
2744,-0.046738121658563614,182,521504
2745,-0.04586414247751236,105,521609
2746,-0.04521896317601204,67,521676
2747,-0.025386884808540344,70,521746
2748,0.0031821317970752716,133,521879
2749,-0.034537654370069504,68,521947
2750,-0.04552989453077316,130,522077
2751,-0.0031435489654541016,149,522226
2752,0.03839724883437157,107,522333
2753,-0.04572029039263725,110,522443
2754,-0.0262681283056736,77,522520
2755,-16.126171112060547,975,523495
2756,-0.008152592927217484,71,523566
2757,-15.284096717834473,757,524323
2758,0.048530515283346176,107,524430
2759,0.020170103758573532,92,524522
2760,-0.04510539397597313,76,524598
2761,-0.001244567334651947,67,524665
2762,-0.022440830245614052,82,524747
2763,0.0007903203368186951,91,524838
2764,-0.04588494077324867,158,524996
2765,-0.012322667986154556,221,525217
2766,0.02863825485110283,117,525334
2767,-0.0016439557075500488,81,525415
2768,-0.04827436804771423,254,525669
2769,0.03130680322647095,108,525777
2770,0.05750171095132828,127,525904
2771,0.004356306046247482,68,525972
2772,-10.443558692932129,638,526610
2773,-0.016050705686211586,97,526707
2774,-9.290202140808105,607,527314
2775,0.05003761872649193,179,527493
2776,-0.015317471697926521,66,527559
2777,0.03742846101522446,103,527662
2778,-0.045200277119874954,86,527748
2779,-0.014180855825543404,61,527809
2780,-0.04040585830807686,91,527900
2781,0.003817349672317505,114,528014
2782,-0.046189941465854645,86,528100
2783,0.00035649538040161133,152,528252
2784,-0.045230764895677567,113,528365
2785,-0.0080990269780159,82,528447
2786,-2.957601547241211,420,528867
2787,-2.710848808288574,411,529278
2788,0.08922445774078369,131,529409
2789,-0.046277374029159546,144,529553
2790,-7.637299537658691,609,530162
2791,-0.04525618255138397,68,530230
2792,-14.887429237365723,781,531011
2793,-0.01969236135482788,58,531069
2794,-0.008522547781467438,62,531131
2795,-15.968571662902832,952,532083
2796,-0.04308449104428291,175,532258
2797,-0.04826861247420311,309,532567
2798,-0.045328691601753235,108,532675
2799,-2.7798116207122803e-05,66,532741
2800,-0.012171991169452667,78,532819
2801,-0.005454469472169876,58,532877
2802,-5.929937362670898,373,533250
2803,0.0031899549067020416,82,533332
2804,-0.003581348806619644,60,533392
2805,-0.0004162639379501343,60,533452
2806,-16.856250762939453,836,534288
2807,-0.007300723344087601,51,534339
2808,0.04197913035750389,114,534453
2809,-0.04375975951552391,91,534544
2810,-12.927862167358398,773,535317
2811,-0.008516695350408554,57,535374
2812,-0.04575550556182861,88,535462
2813,-0.008138887584209442,58,535520
2814,-0.016065843403339386,132,535652
2815,-0.03830987215042114,86,535738
2816,0.08057352900505066,124,535862
2817,0.00974627211689949,97,535959
2818,0.019552774727344513,90,536049
2819,-0.017655260860919952,54,536103
2820,0.15359997749328613,321,536424
2821,-0.04659043624997139,139,536563
2822,0.011840566992759705,98,536661
2823,-0.045332714915275574,72,536733
2824,0.0252387635409832,109,536842
2825,0.0031521059572696686,104,536946
2826,-0.04579898715019226,92,537038
2827,0.03423492982983589,115,537153
2828,0.03008958324790001,108,537261
2829,-0.0032707378268241882,111,537372
2830,-0.045116402208805084,53,537425
2831,-0.04501146450638771,53,537478
2832,-0.027742186561226845,105,537583
2833,-0.04539899155497551,72,537655
2834,-18.41705894470215,918,538573
2835,-0.0064699240028858185,62,538635
2836,-0.045790888369083405,147,538782
2837,-0.04526825621724129,61,538843
2838,-0.003554046154022217,72,538915
2839,-0.04542319476604462,125,539040
2840,0.0022421665489673615,153,539193
2841,-12.637866020202637,667,539860
2842,-0.008972730487585068,63,539923
2843,-0.04561629518866539,76,539999
2844,-0.04603010416030884,82,540081
2845,-0.045831698924303055,86,540167
2846,-0.04576864466071129,111,540278
2847,-0.044484782963991165,59,540337
2848,-0.023997962474822998,62,540399
2849,0.09991586953401566,142,540541
2850,0.0014004968106746674,70,540611
2851,-0.023523740470409393,120,540731
2852,-0.038459766656160355,51,540782
2853,-0.02206401154398918,55,540837
2854,-0.027360685169696808,67,540904
2855,-1.050219178199768,371,541275
2856,-0.010566536337137222,69,541344
2857,0.022963006049394608,118,541462
2858,-0.045340511947870255,117,541579
2859,0.09019793570041656,124,541703
2860,-0.005585677921772003,99,541802
2861,-0.04515313729643822,116,541918
2862,-0.04325691983103752,62,541980
2863,-0.021714482456445694,101,542081
2864,-0.03440515697002411,82,542163
2865,-0.045192815363407135,61,542224
2866,-0.03904639929533005,124,542348
2867,0.01850631833076477,150,542498
2868,0.009777553379535675,132,542630
2869,-0.020580807700753212,77,542707
2870,-4.631270408630371,483,543190
2871,0.10211309790611267,136,543326
2872,0.03408161178231239,115,543441
2873,-0.015609044581651688,100,543541
2874,-0.004222143441438675,57,543598
2875,-0.11414818465709686,322,543920
2876,-11.048803329467773,614,544534
2877,-8.098541259765625,604,545138
2878,-0.01903383992612362,66,545204
2879,-0.04554756358265877,90,545294
2880,-0.09438186883926392,220,545514
2881,-2.9443721771240234,328,545842
2882,-0.019030079245567322,65,545907
2883,-0.04527689516544342,64,545971
2884,0.009458772838115692,106,546077
2885,-0.04572920873761177,129,546206
2886,-7.171188831329346,492,546698
2887,-0.045272570103406906,60,546758
2888,0.016835041344165802,101,546859
2889,-0.02975127473473549,111,546970
2890,-0.04514643922448158,66,547036
2891,0.009034480899572372,85,547121
2892,0.03462563082575798,360,547481
2893,-0.046113912016153336,100,547581
2894,-6.111324310302734,516,548097
2895,0.010764792561531067,89,548186
2896,-0.04513394460082054,50,548236
2897,-0.04511883854866028,54,548290
2898,-0.045201510190963745,53,548343
2899,-0.045599646866321564,113,548456
2900,-4.422190189361572,417,548873
2901,0.03325981646776199,99,548972
2902,0.027365893125534058,92,549064
2903,0.06432181596755981,174,549238
2904,-0.04632405564188957,148,549386
2905,0.047386713325977325,161,549547
2906,-0.023256735876202583,58,549605
2907,-0.04518583044409752,51,549656
2908,0.10708410292863846,128,549784
2909,0.022298287600278854,93,549877
2910,-18.537033081054688,979,550856
2911,-0.04540427401661873,132,550988
2912,-0.04764976724982262,144,551132
2913,-0.0006713829934597015,118,551250
2914,-0.02289152704179287,83,551333
2915,-0.0013294965028762817,98,551431
2916,-0.045383427292108536,113,551544
2917,-0.04739086702466011,159,551703
2918,-11.618551254272461,656,552359
2919,-0.045949023216962814,158,552517
2920,0.023682210594415665,142,552659
2921,0.11623267829418182,147,552806
2922,0.006879851222038269,108,552914
2923,0.022107437252998352,102,553016
2924,0.011601291596889496,106,553122
2925,-0.00019501149654388428,88,553210
2926,0.02514384314417839,100,553310
2927,-0.02596588432788849,125,553435
2928,-0.004350882023572922,68,553503
2929,-12.934737205505371,851,554354
2930,-10.95516300201416,727,555081
2931,-0.01800270564854145,124,555205
2932,-0.016744721680879593,104,555309
2933,-0.04554224759340286,116,555425
2934,-8.651775360107422,604,556029
2935,-0.03660672903060913,142,556171
2936,0.00012010335922241211,73,556244
2937,0.08539336919784546,131,556375
2938,-0.0017274245619773865,65,556440
2939,-0.04555714130401611,177,556617
2940,-9.137236595153809,602,557219
2941,-0.045275237411260605,52,557271
2942,-0.046292100101709366,182,557453
2943,0.10667667537927628,296,557749
2944,-0.012444056570529938,66,557815
2945,0.07253627479076385,134,557949
2946,0.007941309362649918,100,558049
2947,-0.04516642913222313,114,558163
2948,0.0625075176358223,125,558288
2949,-0.04605386033654213,137,558425
2950,-0.010464731603860855,68,558493
2951,-0.034450508654117584,111,558604
2952,-10.533841133117676,667,559271
2953,0.0146959088742733,79,559350
2954,0.045609280467033386,127,559477
2955,-0.04577149450778961,92,559569
2956,-0.045794643461704254,88,559657
2957,0.1076541617512703,129,559786
2958,0.14962266385555267,149,559935
2959,0.0454050749540329,199,560134
2960,-0.02052789181470871,51,560185
2961,-7.819480895996094,604,560789
2962,-0.0456208735704422,114,560903
2963,0.019861631095409393,90,560993
2964,0.0289967879652977,126,561119
2965,-0.30511075258255005,322,561441
2966,-0.039914634078741074,85,561526
2967,-0.045545462518930435,115,561641
2968,0.3162440061569214,305,561946
2969,-0.009670250117778778,98,562044
2970,-16.03522491455078,991,563035
2971,0.04858202114701271,148,563183
2972,-0.0014139339327812195,67,563250
2973,-0.0057106539607048035,62,563312
2974,-0.029936449602246284,97,563409
2975,-0.03647841885685921,90,563499
2976,0.050074558705091476,112,563611
2977,-0.046063050627708435,91,563702
2978,0.00821017101407051,77,563779
2979,-0.04541126638650894,56,563835
2980,-0.045798834413290024,98,563933
2981,-0.029199032112956047,108,564041
2982,0.013719826936721802,78,564119
2983,0.004953958094120026,82,564201
2984,-8.181746482849121,646,564847
2985,0.04545397683978081,159,565006
2986,-0.0036154352128505707,57,565063
2987,-0.045147597789764404,43,565106
2988,-0.028044195845723152,111,565217
2989,-0.046051304787397385,99,565316
2990,-0.007562585175037384,72,565388
2991,0.01315409317612648,72,565460
2992,0.0038255304098129272,111,565571
2993,-0.028374113142490387,53,565624
2994,0.009265702217817307,79,565703
2995,-0.009742137044668198,54,565757
2996,0.06926402449607849,121,565878
2997,0.07934115827083588,164,566042
2998,-0.033197253942489624,134,566176
2999,0.10285336524248123,122,566298
3000,0.021657485514879227,85,566383
3001,-0.01887606270611286,50,566433
3002,0.11101332306861877,137,566570
3003,-0.047145307064056396,147,566717
3004,0.06812267005443573,103,566820
3005,-0.011795639991760254,60,566880
3006,-0.04017803817987442,289,567169
3007,-2.2830796241760254,466,567635
3008,-3.510713577270508e-05,66,567701
3009,-0.019834186881780624,54,567755
3010,0.0283203125,115,567870
3011,-0.045701947063207626,97,567967
3012,0.0845138356089592,171,568138
3013,-0.004858050495386124,77,568215
3014,0.05506250262260437,115,568330
3015,-0.016718311235308647,57,568387
3016,-0.046744924038648605,142,568529
3017,0.0017002224922180176,65,568594
3018,-0.0016355887055397034,135,568729
3019,-0.04850670322775841,183,568912
3020,0.025712035596370697,97,569009
3021,-0.04261753708124161,60,569069
3022,0.00490940734744072,71,569140
3023,0.004715371876955032,79,569219
3024,-0.007550753653049469,63,569282
3025,-0.04627712815999985,73,569355
3026,-0.023164449259638786,91,569446
3027,-0.02241189032793045,50,569496
3028,0.002586640417575836,71,569567
3029,-0.03833753615617752,77,569644
3030,-0.04683051258325577,136,569780
3031,-0.013536877930164337,49,569829
3032,-0.03494226559996605,95,569924
3033,0.0035483241081237793,65,569989
3034,-0.04554075002670288,72,570061
3035,-0.004044096916913986,74,570135
3036,-0.04063362628221512,120,570255
3037,0.07657822966575623,114,570369
3038,-0.023420047014951706,113,570482
3039,0.029172848910093307,98,570580
3040,0.0003291480243206024,76,570656
3041,-0.04632565751671791,101,570757
3042,-0.020100675523281097,51,570808
3043,-4.563220500946045,382,571190
3044,0.1737770289182663,316,571506
3045,-0.022307956591248512,72,571578
3046,-7.909179210662842,448,572026
3047,-0.04646485298871994,152,572178
3048,-0.02818434126675129,122,572300
3049,0.027878031134605408,104,572404
3050,0.17030969262123108,232,572636
3051,-3.158705949783325,363,572999
3052,0.06933741271495819,137,573136
3053,-0.04563622921705246,80,573216
3054,0.2267654985189438,298,573514
3055,0.0385252982378006,106,573620
3056,0.021513700485229492,97,573717
3057,0.02106981724500656,92,573809
3058,-0.045782413333654404,99,573908
3059,-0.04697015881538391,117,574025
3060,0.06429104506969452,103,574128
3061,0.04714638739824295,110,574238
3062,0.058121006935834885,117,574355
3063,-0.022689195349812508,53,574408
3064,-0.04587354138493538,95,574503
3065,-0.049928199499845505,332,574835
3066,-11.856415748596191,774,575609
3067,-0.008693967014551163,68,575677
3068,-0.04572826623916626,184,575861
3069,-12.16126537322998,608,576469
3070,-19.5179443359375,1132,577601
3071,-0.045982252806425095,86,577687
3072,0.020201120525598526,90,577777
3073,0.005624562501907349,67,577844
3074,-0.0065860748291015625,72,577916
3075,0.0003799460828304291,63,577979
3076,-0.033880192786455154,118,578097
3077,-0.04593682289123535,82,578179
3078,-15.784276962280273,933,579112
3079,-0.045455873012542725,54,579166
3080,-0.04585910215973854,137,579303
3081,0.033199161291122437,96,579399
3082,-11.018174171447754,651,580050
3083,0.01915688067674637,124,580174
3084,-0.025968708097934723,95,580269
3085,-0.018315771594643593,79,580348
3086,-15.000224113464355,801,581149
3087,0.040752798318862915,93,581242
3088,0.04296139255166054,104,581346
3089,-0.02771681919693947,49,581395
3090,-16.173402786254883,871,582266
3091,0.04893568530678749,118,582384
3092,-0.00032216310501098633,72,582456
3093,-13.37478256225586,783,583239
3094,-0.012999512255191803,96,583335
3095,-0.03857208043336868,90,583425
3096,-0.04573287442326546,84,583509
3097,0.06492726504802704,116,583625
3098,0.04082738235592842,110,583735
3099,0.07479563355445862,122,583857
3100,0.09616317600011826,129,583986
3101,-0.004494421184062958,109,584095
3102,-0.043484676629304886,92,584187
3103,-0.24708397686481476,434,584621
3104,-0.04567991942167282,99,584720
3105,-17.460628509521484,1045,585765
3106,-11.32176685333252,847,586612
3107,0.011955264955759048,310,586922
3108,-0.036386407911777496,71,586993
3109,-7.061924457550049,431,587424
3110,0.13544362783432007,131,587555
3111,-0.02175402082502842,53,587608
3112,0.0259304940700531,87,587695
3113,-0.041988126933574677,100,587795
3114,-0.04776405170559883,162,587957
3115,-8.126526832580566,655,588612
3116,-0.025088239461183548,217,588829
3117,0.05646957457065582,132,588961
3118,0.07149091362953186,107,589068
3119,-17.866344451904297,914,589982
3120,0.02702300250530243,115,590097
3121,-0.013394651934504509,54,590151
3122,-16.775482177734375,897,591048
3123,-0.022308317944407463,58,591106
3124,-0.03369171544909477,65,591171
3125,-0.0185967069119215,95,591266
3126,-0.045325953513383865,50,591316
3127,-0.03800666332244873,92,591408
3128,-0.046225883066654205,144,591552
3129,-14.268638610839844,758,592310
3130,-18.82526969909668,920,593230
3131,-0.04533250257372856,50,593280
3132,-0.012307099997997284,82,593362
3133,-0.022084975615143776,65,593427
3134,-0.026675190776586533,63,593490
3135,-0.045519422739744186,73,593563
3136,-15.45706558227539,985,594548
3137,-8.647154808044434,613,595161
3138,-0.045852284878492355,99,595260
3139,0.035145364701747894,113,595373
3140,-0.045414846390485764,58,595431
3141,-0.04644092544913292,94,595525
3142,-5.121316909790039,558,596083
3143,-0.0457465685904026,107,596190
3144,-0.02254491299390793,48,596238
3145,-2.106022596359253,472,596710
3146,0.01083175465464592,81,596791
3147,-11.278688430786133,620,597411
3148,0.010853126645088196,106,597517
3149,-10.947479248046875,632,598149
3150,-0.019224409013986588,54,598203
3151,-3.2495245933532715,508,598711
3152,-0.019896958023309708,93,598804
3153,-0.045704592019319534,71,598875
3154,0.04936162009835243,104,598979
3155,0.008995980024337769,97,599076
3156,-0.04696512594819069,126,599202
3157,-0.013077311217784882,78,599280
3158,-0.038839370012283325,102,599382
3159,0.007890257984399796,88,599470
3160,-17.514328002929688,971,600441
3161,-11.32955265045166,664,601105
3162,0.09514451771974564,122,601227
3163,0.015620220452547073,91,601318
3164,-14.960208892822266,826,602144
3165,-17.800477981567383,898,603042
3166,0.03256892412900925,103,603145
3167,-0.045252032577991486,55,603200
3168,-0.04589052498340607,134,603334
3169,-10.33929443359375,621,603955
3170,-19.147851943969727,1106,605061
3171,-28.789011001586914,1328,606389
3172,-16.839542388916016,847,607236
3173,-7.870483875274658,651,607887
3174,0.08543673157691956,139,608026
3175,-8.77132797241211,507,608533
3176,-0.007570415735244751,110,608643
3177,-0.04653158411383629,140,608783
3178,-0.0022312626242637634,111,608894
3179,-15.310608863830566,908,609802
3180,0.046128664165735245,120,609922
3181,-0.045312702655792236,76,609998
3182,0.034877341240644455,97,610095
3183,0.00929567962884903,72,610167
3184,-0.01855013705790043,70,610237
3185,-15.532255172729492,925,611162
3186,-0.043292224407196045,130,611292
3187,-0.00022920966148376465,65,611357
3188,-0.04537054896354675,78,611435
3189,-17.987747192382812,1019,612454
3190,-15.539668083190918,778,613232
3191,0.05948466435074806,114,613346
3192,0.05325021594762802,107,613453
3193,-0.003910887986421585,77,613530
3194,0.03699479252099991,186,613716
3195,0.005282476544380188,89,613805
3196,0.05792301148176193,122,613927
3197,-0.04589083418250084,100,614027
3198,-10.274630546569824,592,614619
3199,-0.013276748359203339,78,614697
3200,-0.04519015550613403,53,614750
3201,-0.04756342992186546,164,614914
3202,0.03861717879772186,133,615047
3203,0.015146896243095398,99,615146
3204,-0.013302067294716835,139,615285
3205,0.020527441054582596,155,615440
3206,0.03383451700210571,91,615531
3207,-0.020329754799604416,67,615598
3208,-0.04543594270944595,65,615663
3209,0.00878620520234108,216,615879
3210,-0.006545260548591614,111,615990
3211,-0.0455438569188118,95,616085
3212,-12.75429630279541,727,616812
3213,0.025943782180547714,143,616955
3214,-0.03948625922203064,84,617039
3215,0.04554640129208565,106,617145
3216,-11.663468360900879,673,617818
3217,-13.787517547607422,837,618655
3218,-0.046007104218006134,131,618786
3219,0.018614493310451508,97,618883
3220,0.06367715448141098,151,619034
3221,0.027850832790136337,114,619148
3222,-0.04633327201008797,150,619298
3223,-0.03435918688774109,119,619417
3224,-0.04509506747126579,47,619464
3225,-24.34027862548828,1154,620618
3226,-11.128721237182617,604,621222
3227,-26.70583152770996,1256,622478
3228,0.05299440771341324,127,622605
3229,0.013382486999034882,86,622691
3230,4.748255014419556e-05,86,622777
3231,-0.008360255509614944,50,622827
3232,-10.155538558959961,572,623399
3233,0.004275310784578323,66,623465
3234,0.04408900439739227,120,623585
3235,-0.04635317251086235,145,623730
3236,-1.3288419246673584,362,624092
3237,0.0670258104801178,139,624231
3238,-0.007371455430984497,56,624287
3239,0.021924268454313278,92,624379
3240,0.07348580658435822,123,624502
3241,-10.11010456085205,655,625157
3242,0.003139510750770569,65,625222
3243,-0.022596655413508415,136,625358
3244,-8.200206756591797,468,625826
3245,0.028167132288217545,90,625916
3246,-14.43153190612793,699,626615
3247,0.00012734904885292053,75,626690
3248,-8.111283302307129,525,627215
3249,-10.841338157653809,734,627949
3250,0.06034187227487564,123,628072
3251,-7.505950450897217,619,628691
3252,-0.04593149572610855,74,628765
3253,0.04207083210349083,133,628898
3254,0.05902557447552681,125,629023
3255,0.012228056788444519,102,629125
3256,-0.046090301126241684,95,629220
3257,-0.01188553124666214,114,629334
3258,0.05893560126423836,118,629452
3259,-3.0766453742980957,437,629889
3260,-0.04544084519147873,68,629957
3261,0.014802150428295135,138,630095
3262,-8.627821922302246,519,630614
3263,-0.04542895033955574,110,630724
3264,0.003537748008966446,76,630800
3265,-10.774810791015625,579,631379
3266,-7.926540374755859,446,631825
3267,-15.979202270507812,786,632611
3268,-0.04561399668455124,74,632685
3269,-0.04222936928272247,62,632747
3270,0.015634935349225998,89,632836
3271,-3.099229335784912,487,633323
3272,-0.006012171506881714,66,633389
3273,-0.00426362082362175,79,633468
3274,-0.04655967280268669,111,633579
3275,0.09621554613113403,323,633902
3276,-0.045340485870838165,79,633981
3277,-17.651594161987305,896,634877
3278,-6.4239325523376465,527,635404
3279,-10.432806015014648,553,635957
3280,-0.014809578657150269,54,636011
3281,-0.04527910798788071,57,636068
3282,0.005861513316631317,70,636138
3283,-7.166255950927734,533,636671
3284,-0.04495604708790779,44,636715
3285,-0.0452200248837471,70,636785
3286,-0.034325435757637024,146,636931
3287,-0.04511234164237976,54,636985
3288,-16.858139038085938,896,637881
3289,0.012029632925987244,79,637960
3290,0.0290340855717659,111,638071
3291,-0.02385883778333664,69,638140
3292,-15.54130744934082,797,638937
3293,-0.04583479091525078,88,639025
3294,-0.04547318071126938,59,639084
3295,-0.00011740624904632568,60,639144
3296,-0.04539703205227852,69,639213
3297,-8.164151191711426,462,639675
3298,0.07711268961429596,131,639806
3299,-0.045178309082984924,52,639858
3300,-0.04588897153735161,91,639949
3301,0.009449318051338196,73,640022
3302,-0.045225877314805984,57,640079
3303,-0.04530574008822441,59,640138
3304,-0.046418752521276474,87,640225
3305,-0.004405885934829712,57,640282
3306,-0.0011176913976669312,99,640381
3307,-0.0457516573369503,99,640480
3308,-0.012374412268400192,53,640533
3309,-0.04537943750619888,68,640601
3310,0.01135377585887909,74,640675
3311,-0.04532298445701599,62,640737
3312,-0.005312979221343994,62,640799
3313,-3.5211944580078125,493,641292
3314,0.004623793065547943,85,641377
3315,-0.01879436895251274,103,641480
3316,-0.010544605553150177,126,641606
3317,-10.325231552124023,680,642286
3318,-20.3104248046875,1073,643359
3319,-6.528565883636475,596,643955
3320,0.015372082591056824,83,644038
3321,0.022850804030895233,92,644130
3322,0.009554654359817505,79,644209
3323,0.014912422746419907,97,644306
3324,-0.04548095166683197,88,644394
3325,-0.04597647115588188,96,644490
3326,-0.046235986053943634,95,644585
3327,-8.110112190246582,480,645065
3328,-0.045258186757564545,65,645130
3329,-0.0460459403693676,86,645216
3330,-0.0451420396566391,46,645262
3331,-0.04629874974489212,113,645375
3332,-0.04603751748800278,75,645450
3333,-0.014525683596730232,61,645511
3334,0.01513998955488205,93,645604
3335,-0.046336639672517776,155,645759
3336,-21.169578552246094,993,646752
3337,0.03921133279800415,113,646865
3338,0.04515290632843971,125,646990
3339,0.015440072864294052,84,647074
3340,0.006502948701381683,69,647143
3341,-0.04612927883863449,105,647248
3342,0.005626741796731949,66,647314
3343,-0.0030003972351551056,67,647381
3344,0.01990000158548355,94,647475
3345,-0.025914236903190613,169,647644
3346,-13.42262077331543,680,648324
3347,0.0898451879620552,127,648451
3348,-0.0344427153468132,73,648524
3349,0.07752080261707306,124,648648
3350,-0.045326169580221176,69,648717
3351,0.013160176575183868,89,648806
3352,0.23989370465278625,271,649077
3353,-0.04588307812809944,111,649188
3354,-0.009260270744562149,59,649247
3355,-0.012118477374315262,81,649328
3356,-0.04606238752603531,82,649410
3357,0.021125853061676025,89,649499
3358,0.01563258469104767,85,649584
3359,-0.046077605336904526,107,649691
3360,0.010690223425626755,75,649766
3361,-0.046050988137722015,142,649908
3362,-13.119418144226074,697,650605
3363,-0.016546588391065598,79,650684
3364,-0.0028338246047496796,79,650763
3365,0.06511522829532623,145,650908
3366,-0.045559387654066086,116,651024
3367,0.035753555595874786,107,651131
3368,0.021536212414503098,117,651248
3369,-0.008940670639276505,83,651331
3370,0.0017829053103923798,126,651457
3371,-0.04527958109974861,123,651580
3372,-0.04518371447920799,93,651673
3373,-0.032244570553302765,115,651788
3374,-0.045022740960121155,79,651867
3375,0.08559936285018921,119,651986
3376,-0.0152779221534729,63,652049
3377,-0.04538879171013832,108,652157
3378,-0.04531845450401306,65,652222
3379,0.009692549705505371,88,652310
3380,-0.038086678832769394,72,652382
3381,-0.04551946371793747,91,652473
3382,-0.006135493516921997,95,652568
3383,0.06111733242869377,112,652680
3384,0.025982581079006195,112,652792
3385,0.03410882502794266,89,652881
3386,-0.010389074683189392,67,652948
3387,-0.04614324867725372,169,653117
3388,0.11051751673221588,299,653416
3389,-0.046801432967185974,155,653571
3390,-0.04728662222623825,204,653775
3391,-0.04553833603858948,85,653860
3392,-0.04490992799401283,67,653927
3393,0.02868553251028061,111,654038
3394,-0.0457560159265995,174,654212
3395,-0.018281808122992516,81,654293
3396,0.002119746059179306,69,654362
3397,-0.04594289883971214,134,654496
3398,0.038147229701280594,88,654584
3399,-0.04667007923126221,128,654712
3400,-0.012356694787740707,59,654771
3401,0.04378814250230789,98,654869
3402,-0.04603498801589012,91,654960
3403,-0.011206816881895065,52,655012
3404,0.1049676164984703,335,655347
3405,-0.04892707243561745,254,655601
3406,0.0005043894052505493,70,655671
3407,-0.004491984844207764,126,655797
3408,-0.0454820841550827,74,655871
3409,-17.196720123291016,943,656814
3410,0.04455814138054848,99,656913
3411,0.03448566049337387,123,657036
3412,-0.04607026278972626,96,657132
3413,0.02940075844526291,159,657291
3414,-0.04854006692767143,312,657603
3415,0.000523056834936142,99,657702
3416,-3.015953779220581,354,658056
3417,-0.044647492468357086,78,658134
3418,-0.011009730398654938,108,658242
3419,-0.045913927257061005,84,658326
3420,-0.04560762271285057,72,658398
3421,-20.68167495727539,1147,659545
3422,-0.018924495205283165,297,659842
3423,-0.013514410704374313,111,659953
3424,-0.02989458292722702,145,660098
3425,0.017043381929397583,79,660177
3426,-0.29653388261795044,387,660564
3427,-0.045698922127485275,78,660642
3428,-0.026020698249340057,104,660746
3429,0.03844219073653221,122,660868
3430,-0.046289607882499695,112,660980
3431,-2.9901645183563232,350,661330
3432,-15.66739273071289,831,662161
3433,-0.04527449235320091,82,662243
3434,0.24529090523719788,290,662533
3435,0.029038816690444946,95,662628
3436,-0.0459938645362854,163,662791
3437,-0.6116982102394104,373,663164
3438,-0.02240196242928505,60,663224
3439,0.010679639875888824,93,663317
3440,0.019299857318401337,77,663394
3441,-0.0007693842053413391,94,663488
3442,-0.04602018743753433,88,663576
3443,-0.010473258793354034,75,663651
3444,0.01361747458577156,78,663729
3445,-0.04515711963176727,87,663816
3446,-0.04627155512571335,102,663918
3447,0.06286044418811798,132,664050
3448,-5.797869682312012,517,664567
3449,0.004652783274650574,65,664632
3450,-0.045873723924160004,127,664759
3451,-0.026532653719186783,92,664851
3452,-0.01745389588177204,108,664959
3453,-0.04526812955737114,90,665049
3454,0.07484085857868195,120,665169
3455,-0.02771034464240074,112,665281
3456,0.012299507856369019,78,665359
3457,-0.0457720048725605,77,665436
3458,0.2573554515838623,282,665718
3459,-0.046788040548563004,130,665848
3460,-0.04547122120857239,75,665923
3461,-0.045944519340991974,150,666073
3462,-0.04565957561135292,82,666155
3463,0.064310222864151,129,666284
3464,-0.006511114537715912,70,666354
3465,0.01799258217215538,99,666453
3466,-0.04698554798960686,133,666586
3467,-0.03688427433371544,98,666684
3468,0.02571922168135643,83,666767
3469,-8.760336875915527,583,667350
3470,0.01800958812236786,108,667458
3471,-3.9693520069122314,405,667863
3472,0.1055743545293808,137,668000
3473,-4.571514129638672,427,668427
3474,0.0044025033712387085,69,668496
3475,-1.0633924007415771,414,668910
3476,-0.014610834419727325,58,668968
3477,-0.0038197264075279236,109,669077
3478,0.029345348477363586,99,669176
3479,-14.020227432250977,703,669879
3480,-0.00014080479741096497,130,670009
3481,-11.288305282592773,686,670695
3482,-0.007795453071594238,74,670769
3483,0.01824411377310753,91,670860
3484,-0.007869400084018707,65,670925
3485,-0.003731999546289444,88,671013
3486,-0.01869051530957222,68,671081
3487,-13.796432495117188,775,671856
3488,-0.045326776802539825,72,671928
3489,-0.0457538366317749,91,672019
3490,-10.514433860778809,612,672631
3491,-0.006713982671499252,61,672692
3492,-0.04525487497448921,75,672767
3493,-0.038009271025657654,78,672845
3494,-12.261306762695312,668,673513
3495,-4.3361053466796875,436,673949
3496,-0.04636792466044426,128,674077
3497,-12.335579872131348,694,674771
3498,-4.854031085968018,423,675194
3499,-27.23637580871582,1264,676458
3500,-0.04652149975299835,141,676599
3501,-0.045984119176864624,101,676700
3502,-0.0003537870943546295,229,676929
3503,-0.028691213577985764,128,677057
3504,-0.047124482691287994,146,677203
3505,-0.7026391625404358,306,677509
3506,0.016848977655172348,93,677602
3507,-0.011465776711702347,72,677674
3508,-8.249444007873535,551,678225
3509,-14.259227752685547,751,678976
3510,0.007486797869205475,73,679049
3511,-0.042494289577007294,59,679108
3512,-16.586624145507812,806,679914
3513,0.004559502005577087,103,680017
3514,-0.005206651985645294,63,680080
3515,-12.923605918884277,709,680789
3516,0.14682480692863464,319,681108
3517,-0.04527280852198601,74,681182
3518,-0.04529433697462082,82,681264
3519,0.01888611540198326,99,681363
3520,0.14650216698646545,226,681589
3521,-0.045365218073129654,75,681664
3522,-10.809517860412598,675,682339
3523,0.018208414316177368,89,682428
3524,-0.046117011457681656,85,682513
3525,7.45728611946106e-05,141,682654
3526,-0.00862458348274231,68,682722
3527,0.011233378201723099,75,682797
3528,-0.02577030099928379,69,682866
3529,0.0019355043768882751,74,682940
3530,-0.045233145356178284,83,683023
3531,-0.045432593673467636,58,683081
3532,-0.023375481367111206,91,683172
3533,0.07397989183664322,124,683296
3534,-0.04530029743909836,49,683345
3535,-0.04566468298435211,64,683409
3536,-0.03290463611483574,124,683533
3537,-0.046174950897693634,142,683675
3538,-0.03191624581813812,107,683782
3539,-0.04528678208589554,75,683857
3540,0.07506802678108215,121,683978
3541,-7.8874688148498535,518,684496
3542,-0.019032783806324005,72,684568
3543,-0.031100785359740257,75,684643
3544,-18.42852783203125,911,685554
3545,-0.04590962454676628,94,685648
3546,-0.04545018821954727,75,685723
3547,-8.477023124694824,545,686268
3548,0.047188375145196915,110,686378
3549,0.061795853078365326,118,686496
3550,-0.04540194571018219,60,686556
3551,-34.61757278442383,1656,688212
3552,0.03710354492068291,89,688301
3553,0.024097412824630737,83,688384
3554,-13.611252784729004,723,689107
3555,-0.046871401369571686,424,689531
3556,-0.047163862735033035,200,689731
3557,-0.04502693936228752,43,689774
3558,-0.04594883695244789,141,689915
3559,-0.04414936155080795,84,689999
3560,-0.0454610176384449,61,690060
3561,-0.04549501836299896,67,690127
3562,-10.568371772766113,570,690697
3563,-8.648880958557129,649,691346
3564,-0.004099633544683456,68,691414
3565,-0.05010479316115379,289,691703
3566,0.018603555858135223,88,691791
3567,-0.048243675380945206,312,692103
3568,0.003728024661540985,97,692200
3569,0.02681884914636612,85,692285
3570,-0.022570321336388588,53,692338
3571,-0.026177173480391502,98,692436
3572,-9.011743545532227,576,693012
3573,0.00098486989736557,79,693091
3574,-1.9053441286087036,362,693453
3575,-10.876299858093262,644,694097
3576,0.00539364293217659,134,694231
3577,-0.045298054814338684,62,694293
3578,-7.628485679626465,531,694824
3579,-7.5364155769348145,532,695356
3580,0.021636277437210083,91,695447
3581,-0.04694950953125954,127,695574
3582,-0.0472194105386734,225,695799
3583,0.08904293924570084,132,695931
3584,-0.04523635283112526,72,696003
3585,-0.046161387115716934,104,696107
3586,-0.04045727103948593,86,696193
3587,-0.04084880277514458,56,696249
3588,-0.025743920356035233,76,696325
3589,-14.694812774658203,856,697181
3590,-0.03019588813185692,116,697297
3591,-0.04620091989636421,97,697394
3592,-0.007162559777498245,61,697455
3593,-15.934192657470703,891,698346
3594,-0.016538074240088463,64,698410
3595,-0.021002447232604027,55,698465
3596,0.05249696969985962,101,698566
3597,-13.789864540100098,749,699315
3598,0.0179164856672287,82,699397
3599,0.09174999594688416,197,699594
3600,0.10932523012161255,203,699797
3601,-0.04545057564973831,78,699875
3602,-0.04678843542933464,143,700018
3603,0.10925392806529999,139,700157
3604,-0.04237174987792969,124,700281
3605,-0.006787236779928207,123,700404
3606,0.05061830207705498,124,700528
3607,0.033001601696014404,97,700625
3608,-0.0061847977340221405,80,700705
3609,-6.6966047286987305,481,701186
3610,-12.365540504455566,710,701896
3611,-0.04305216297507286,94,701990
3612,-0.04538474604487419,99,702089
3613,-0.008191537111997604,79,702168
3614,0.08099955320358276,138,702306
3615,-0.045205008238554,94,702400
3616,-0.004068043082952499,89,702489
3617,0.03931570425629616,98,702587
3618,-8.698371887207031,572,703159
3619,0.04190663620829582,113,703272
3620,-13.652621269226074,733,704005
3621,0.018331654369831085,165,704170
3622,-16.466428756713867,841,705011
3623,-10.212318420410156,630,705641
3624,-0.04519422724843025,54,705695
3625,-14.258255004882812,762,706457
3626,0.028658699244260788,101,706558
3627,-0.01489417627453804,208,706766
3628,-9.439311027526855,638,707404
3629,-0.00407617911696434,145,707549
3630,-0.0009532682597637177,110,707659
3631,0.06641325354576111,128,707787
3632,-0.013358091935515404,121,707908
3633,0.010013747960329056,87,707995
3634,-12.302725791931152,750,708745
3635,0.06456546485424042,150,708895
3636,-15.075746536254883,800,709695
3637,-2.808077335357666,349,710044
3638,-0.00011476501822471619,72,710116
3639,-0.04536397382616997,114,710230
3640,-0.045178450644016266,77,710307
3641,-0.04523228481411934,61,710368
3642,-0.016228746622800827,54,710422
3643,0.09799358248710632,129,710551
3644,-0.04588441923260689,84,710635
3645,0.02422945573925972,144,710779
3646,0.0365261435508728,101,710880
3647,-11.827078819274902,634,711514
3648,-14.466352462768555,832,712346
3649,-4.680900573730469,453,712799
3650,-0.045648157596588135,140,712939
3651,-0.04433847963809967,320,713259
3652,-9.69692325592041,666,713925
3653,0.025179512798786163,100,714025
3654,-10.047383308410645,645,714670
3655,0.022486459463834763,88,714758
3656,-11.476593971252441,715,715473
3657,-12.03121566772461,681,716154
3658,-12.850467681884766,685,716839
3659,-3.21323561668396,395,717234
3660,-13.169734001159668,720,717954
3661,-11.139496803283691,627,718581
3662,0.052222900092601776,119,718700
3663,0.10201072692871094,135,718835
3664,-0.01203097403049469,122,718957
3665,-5.236884117126465,513,719470
3666,0.06670182943344116,120,719590
3667,-9.518488883972168,619,720209
3668,0.0368686243891716,115,720324
3669,-0.026523049920797348,66,720390
3670,-0.02285461127758026,68,720458
3671,0.05732588469982147,116,720574
3672,0.025365736335515976,102,720676
3673,-0.04653307422995567,110,720786
3674,-0.04596533626317978,143,720929
3675,-0.008874870836734772,88,721017
3676,-0.04606439918279648,111,721128
3677,0.03687435761094093,108,721236
3678,0.024751771241426468,111,721347
3679,-0.04533892497420311,72,721419
3680,-0.04635682702064514,105,721524
3681,-9.966398239135742,625,722149
3682,-9.931427955627441,609,722758
3683,-0.0462222583591938,227,722985
3684,-10.186777114868164,652,723637
3685,0.014914896339178085,80,723717
3686,-0.03014788217842579,105,723822
3687,-0.028875671327114105,81,723903
3688,0.054502155631780624,118,724021
3689,0.04665351286530495,115,724136
3690,-0.04603610560297966,81,724217
3691,-0.03573210909962654,131,724348
3692,-0.04639406502246857,109,724457
3693,0.03353799507021904,113,724570
3694,0.03332695737481117,115,724685
3695,0.04484734684228897,117,724802
3696,0.01921595260500908,92,724894
3697,0.02685573697090149,94,724988
3698,0.024150025099515915,92,725080
3699,0.028796248137950897,105,725185
3700,-0.04722605273127556,185,725370
3701,-0.046515535563230515,187,725557
3702,-11.058572769165039,622,726179
3703,0.030115555971860886,101,726280
3704,0.04500965774059296,115,726395
3705,-9.85423469543457,627,727022
3706,-10.91759204864502,622,727644
3707,-0.026405006647109985,70,727714
3708,-0.046064071357250214,101,727815
3709,-0.04601067304611206,180,727995
3710,0.008955880999565125,98,728093
3711,-6.177343845367432,481,728574
3712,-0.02078409492969513,137,728711
3713,0.0016178563237190247,78,728789
3714,-0.04556627199053764,88,728877
3715,-8.352508544921875,616,729493
3716,0.0008636713027954102,70,729563
3717,-6.600374698638916,497,730060
3718,-12.252738952636719,701,730761
3719,-7.46077299118042,612,731373
3720,-0.0016336441040039062,115,731488
3721,-0.04582793265581131,132,731620
3722,-0.014272443950176239,108,731728
3723,-0.0016919635236263275,84,731812
3724,0.023236237466335297,87,731899
3725,-0.04581434652209282,97,731996
3726,-0.019153092056512833,66,732062
3727,0.054439298808574677,122,732184
3728,-0.04740331694483757,176,732360
3729,-0.016769468784332275,78,732438
3730,0.0205804705619812,82,732520
3731,0.10352232307195663,127,732647
3732,-0.04422586411237717,115,732762
3733,0.10895311832427979,137,732899
3734,-0.03659817576408386,111,733010
3735,-11.066300392150879,669,733679
3736,-11.167136192321777,613,734292
3737,-0.045827969908714294,123,734415
3738,0.01925499364733696,89,734504
3739,0.047183066606521606,116,734620
3740,-0.04631044343113899,119,734739
3741,-10.439197540283203,598,735337
3742,-0.04591242969036102,145,735482
3743,0.1016286164522171,123,735605
3744,0.08103148639202118,130,735735
3745,-22.84734344482422,1078,736813
3746,-10.07179069519043,605,737418
3747,-0.04575608670711517,168,737586
3748,-0.0454663448035717,98,737684
3749,-0.04490600526332855,126,737810
3750,0.06700093299150467,116,737926
3751,-0.04337505251169205,61,737987
3752,-10.280787467956543,628,738615
3753,0.028522387146949768,118,738733
3754,-0.012304987758398056,57,738790
3755,-0.024037165567278862,141,738931
3756,-11.782072067260742,623,739554
3757,0.004235714673995972,73,739627
3758,-0.030488010495901108,110,739737
3759,0.017191104590892792,89,739826
3760,0.0008742623031139374,97,739923
3761,-7.448794841766357,639,740562
3762,0.004324004054069519,106,740668
3763,0.03425828740000725,95,740763
3764,0.02744877338409424,90,740853
3765,-0.04574516788125038,111,740964
3766,-12.336590766906738,660,741624
3767,-0.045408010482788086,88,741712
3768,-0.04531141743063927,65,741777
3769,-0.04136735945940018,96,741873
3770,0.02911340445280075,110,741983
3771,-0.04569622501730919,68,742051
3772,-0.03439810872077942,102,742153
3773,0.0033502914011478424,67,742220
3774,0.006300728768110275,112,742332
3775,0.011601727455854416,69,742401
3776,-0.04571567848324776,149,742550
3777,0.028783384710550308,106,742656
3778,-0.034278854727745056,137,742793
3779,-3.5333237648010254,498,743291
3780,-0.047227464616298676,172,743463
3781,-0.045747000724077225,83,743546
3782,-8.181620597839355,618,744164
3783,-0.04528076946735382,92,744256
3784,0.040146734565496445,99,744355
3785,0.002569340169429779,92,744447
3786,0.013500232249498367,110,744557
3787,-0.04603071138262749,85,744642
3788,0.04456319287419319,107,744749
3789,-4.675885200500488,499,745248
3790,0.01350141316652298,98,745346
3791,-8.80954647064209,703,746049
3792,-0.04561221972107887,81,746130
3793,0.05320565029978752,166,746296
3794,-0.03917389735579491,100,746396
3795,0.042607128620147705,104,746500
3796,-0.035574354231357574,72,746572
3797,0.030207127332687378,108,746680
3798,-0.046646542847156525,100,746780
3799,0.057541873306035995,113,746893
3800,-0.03237323462963104,116,747009
3801,0.029106661677360535,86,747095
3802,0.03684677928686142,110,747205
3803,-0.04705622419714928,162,747367
3804,0.02306452766060829,90,747457
3805,-0.046303220093250275,102,747559
3806,-0.03063291683793068,103,747662
3807,0.04958620294928551,114,747776
3808,0.032114677131175995,119,747895
3809,-0.045267123728990555,84,747979
3810,0.01463683694601059,75,748054
3811,-5.045942306518555,440,748494
3812,-0.01502472534775734,119,748613
3813,0.0074447765946388245,63,748676
3814,0.002950970083475113,64,748740
3815,0.01841454580426216,113,748853
3816,-0.013215960934758186,69,748922
3817,-0.0005159266293048859,65,748987
3818,0.035351961851119995,99,749086
3819,-0.04593091458082199,77,749163
3820,-0.04574665054678917,123,749286
3821,0.08924587070941925,127,749413
3822,0.11961647868156433,135,749548
3823,0.07311935722827911,134,749682
3824,0.05365773290395737,123,749805
3825,-10.128705978393555,741,750546
3826,-3.9617919921875,432,750978
3827,-0.045816462486982346,73,751051
3828,-0.04588158801198006,133,751184
3829,-0.012641917914152145,60,751244
3830,-0.017956538125872612,117,751361
3831,-0.04613534361124039,138,751499
3832,-8.015419960021973,476,751975
3833,0.00464344397187233,141,752116
3834,-0.01831863261759281,65,752181
3835,-2.831273078918457,390,752571
3836,-24.76850700378418,1285,753856
3837,-0.0013082362711429596,85,753941
3838,-0.010410357266664505,62,754003
3839,0.005108807235956192,92,754095
3840,0.053195688873529434,120,754215
3841,-5.8144330978393555e-05,82,754297
3842,0.006934057921171188,73,754370
3843,-9.300237655639648,625,754995
3844,0.06809307634830475,170,755165
3845,0.06628626585006714,117,755282
3846,0.04755525290966034,104,755386
3847,-0.04487012326717377,93,755479
3848,-0.046698007732629776,177,755656
3849,-1.623673439025879,403,756059
3850,-0.04632953181862831,106,756165
3851,0.00898798182606697,75,756240
3852,-0.011769276112318039,81,756321
3853,0.03509964793920517,91,756412
3854,-0.04598015546798706,129,756541
3855,0.01734049990773201,88,756629
3856,-0.04679877310991287,151,756780
3857,-0.014062304049730301,94,756874
3858,0.04657776281237602,187,757061
3859,0.03152674809098244,119,757180
3860,-9.436344146728516,637,757817
3861,0.07340168952941895,121,757938
3862,-9.959988594055176,647,758585
3863,-0.04590468108654022,137,758722
3864,-0.046020932495594025,82,758804
3865,0.022356707602739334,88,758892
3866,-0.04559978470206261,82,758974
3867,-0.04609087109565735,121,759095
3868,0.0430951863527298,110,759205
3869,-11.082112312316895,800,760005
3870,-0.04559797793626785,71,760076
3871,-9.696982383728027,634,760710
3872,-0.010133136063814163,73,760783
3873,-6.982241153717041,607,761390
3874,-9.66649341583252,650,762040
3875,0.06833767890930176,115,762155
3876,-0.045522596687078476,57,762212
3877,0.026068512350320816,86,762298
3878,-3.5374531745910645,521,762819
3879,-0.04601527005434036,137,762956
3880,-0.035641126334667206,102,763058
3881,0.002411268651485443,105,763163
3882,-0.045739803463220596,67,763230
3883,-28.69965171813965,1488,764718
3884,-0.04551220312714577,78,764796
3885,-0.04176786541938782,129,764925
3886,-11.61048412322998,660,765585
3887,-0.02260238490998745,48,765633
3888,-20.4799747467041,1044,766677
3889,-8.219223022460938,717,767394
3890,-0.04546009749174118,79,767473
3891,0.052398793399333954,140,767613
3892,0.0737767145037651,123,767736
3893,-11.063302040100098,623,768359
3894,-15.348780632019043,810,769169
3895,-14.428909301757812,784,769953
3896,-9.491251945495605,650,770603
3897,-11.829543113708496,617,771220
3898,0.04244253411889076,101,771321
3899,0.02763180434703827,92,771413
3900,-11.969982147216797,660,772073
3901,-11.650382995605469,625,772698
3902,-11.154090881347656,625,773323
3903,-0.039005346596241,70,773393
3904,-0.045797936618328094,87,773480
3905,-25.931224822998047,1269,774749
3906,0.0074809230864048,99,774848
3907,0.015120167285203934,112,774960
3908,-0.046371135860681534,95,775055
3909,-0.046521980315446854,132,775187
3910,-21.511568069458008,1177,776364
3911,0.006814528256654739,94,776458
3912,-14.575526237487793,803,777261
3913,0.04424954205751419,114,777375
3914,-6.035052299499512,522,777897
3915,-0.04516509920358658,82,777979
3916,-0.046002283692359924,100,778079
3917,-2.705695152282715,405,778484
3918,-11.290657997131348,698,779182
3919,-0.049555785953998566,301,779483
3920,-15.711298942565918,823,780306
3921,-8.850387573242188,620,780926
3922,0.05622592195868492,121,781047
3923,0.038483407348394394,118,781165
3924,-19.23407554626465,1124,782289
3925,-10.89267635345459,622,782911
3926,-0.04580345004796982,133,783044
3927,-10.643449783325195,628,783672
3928,-0.04538770765066147,107,783779
3929,-14.112919807434082,749,784528
3930,-11.4783296585083,640,785168
3931,-23.193470001220703,1084,786252
3932,-10.164950370788574,608,786860
3933,-0.04544560983777046,145,787005
3934,-7.569429397583008,518,787523
3935,-0.04679381847381592,112,787635
3936,-12.468557357788086,648,788283
3937,-6.129534721374512,513,788796
3938,-15.647856712341309,801,789597
3939,0.18417643010616302,389,789986
3940,-14.471317291259766,742,790728
3941,0.03912791982293129,104,790832
3942,-13.376782417297363,725,791557
3943,-13.312911987304688,845,792402
3944,-10.806534767150879,620,793022
3945,-13.355522155761719,742,793764
3946,-12.030637741088867,654,794418
3947,0.04427711293101311,107,794525
3948,-0.004098434001207352,91,794616
3949,0.06561152637004852,119,794735
3950,0.019109129905700684,89,794824
3951,-5.14507532119751,465,795289
3952,-14.83261489868164,827,796116
3953,-0.045379191637039185,57,796173
3954,-9.39144229888916,643,796816
3955,-3.6550612449645996,540,797356
3956,-0.04982798546552658,427,797783
3957,-12.345637321472168,619,798402
3958,-13.907695770263672,758,799160
3959,0.06476502865552902,123,799283
3960,-5.5120530128479,486,799769
3961,-14.424763679504395,772,800541
3962,-11.020597457885742,624,801165
3963,-11.796428680419922,784,801949
3964,-12.530137062072754,693,802642
3965,-6.370811939239502,488,803130
3966,-0.021297723054885864,111,803241
3967,-7.360240936279297,544,803785
3968,0.031837377697229385,108,803893
3969,-12.261825561523438,628,804521
3970,0.018511928617954254,108,804629
3971,0.0831623449921608,151,804780
3972,-13.808613777160645,717,805497
3973,0.04085855558514595,117,805614
3974,-0.04555385932326317,101,805715
3975,-11.446990013122559,628,806343
3976,0.0890967920422554,309,806652
3977,-0.04444943740963936,147,806799
3978,-0.0454627089202404,72,806871
3979,-0.6076726317405701,372,807243
3980,-22.276649475097656,1279,808522
3981,0.032289616763591766,126,808648
3982,-0.04519381374120712,131,808779
3983,-0.04587299004197121,114,808893
3984,0.07303948700428009,116,809009
3985,-5.144852638244629,630,809639
3986,0.008295413106679916,73,809712
3987,0.04022414982318878,147,809859
3988,-11.870567321777344,637,810496
3989,-0.04520557448267937,95,810591
3990,-11.951432228088379,644,811235
3991,0.01513298973441124,105,811340
3992,0.0538388155400753,117,811457
3993,-9.70751667022705,695,812152
3994,-0.029586106538772583,64,812216
3995,0.0471256822347641,110,812326
3996,-27.191200256347656,1372,813698
3997,0.049404412508010864,110,813808
3998,0.04182182624936104,103,813911
3999,-11.616304397583008,671,814582
4000,-13.616735458374023,772,815354
4001,-9.546649932861328,636,815990
4002,-1.817162036895752,399,816389
4003,-7.799557209014893,646,817035
4004,-0.04647968336939812,144,817179
4005,-15.878669738769531,782,817961
4006,0.04040684178471565,106,818067
4007,-10.822429656982422,652,818719
4008,0.027698654681444168,108,818827
4009,-0.045975346118211746,113,818940
4010,0.031849052757024765,108,819048
4011,-13.55461597442627,834,819882
4012,-0.045121945440769196,98,819980
4013,-9.174030303955078,596,820576
4014,-0.04628494381904602,98,820674
4015,0.08438938111066818,119,820793
4016,-0.045342158526182175,64,820857
4017,-11.249792098999023,621,821478
4018,-3.85162353515625,428,821906
4019,-54.848388671875,2448,824354
4020,-12.504281044006348,685,825039
4021,-0.046240825206041336,101,825140
4022,-0.04502138867974281,104,825244
4023,-15.30005931854248,839,826083
4024,-12.734424591064453,639,826722
4025,-0.04371501877903938,75,826797
4026,-6.168200492858887,529,827326
4027,-23.81880760192871,1167,828493
4028,-12.557453155517578,622,829115
4029,-0.03694228455424309,138,829253
4030,-0.04533731937408447,58,829311
4031,-0.045216675847768784,59,829370
4032,-0.0021651610732078552,85,829455
4033,-13.22264575958252,680,830135
4034,0.08394217491149902,143,830278
4035,0.03334170579910278,104,830382
4036,-2.2867863178253174,429,830811
4037,-0.04532128944993019,66,830877
4038,-14.603775024414062,732,831609
4039,-15.98974895477295,867,832476
4040,0.04357575997710228,104,832580
4041,-0.04532596841454506,80,832660
4042,-12.62894058227539,640,833300
4043,-0.9352405071258545,395,833695
4044,-0.04640007019042969,118,833813
4045,-7.49497127532959,534,834347
4046,-0.04520069435238838,56,834403
4047,0.012639444321393967,113,834516
4048,-5.045475959777832,444,834960
4049,0.10775145888328552,204,835164
4050,-7.725036144256592,558,835722
4051,-0.045346733182668686,63,835785
4052,-14.935873031616211,786,836571
4053,-0.045217812061309814,112,836683
4054,-15.476678848266602,779,837462
4055,-12.242287635803223,618,838080
4056,-14.222713470458984,739,838819
4057,-12.861869812011719,630,839449
4058,-13.305390357971191,648,840097
4059,-11.923943519592285,657,840754
4060,-0.04540593549609184,109,840863
4061,-0.04841107875108719,231,841094
4062,-0.04257112368941307,57,841151
4063,-15.2880277633667,727,841878
4064,-15.334872245788574,812,842690
4065,-13.017414093017578,638,843328
4066,-13.159111976623535,659,843987
4067,-0.04510441794991493,52,844039
4068,-0.03096683695912361,64,844103
4069,-15.20773696899414,748,844851
4070,-0.0459141731262207,103,844954
4071,-4.987190246582031,473,845427
4072,-0.04517512768507004,59,845486
4073,-13.376105308532715,664,846150
4074,-5.3282670974731445,477,846627
4075,-12.39592170715332,696,847323
4076,-15.142376899719238,769,848092
4077,0.05788858234882355,133,848225
4078,-18.15006446838379,920,849145
4079,-15.995986938476562,830,849975
4080,-0.039655961096286774,68,850043
4081,-11.710565567016602,660,850703
4082,-19.750551223754883,974,851677
4083,-17.27608299255371,828,852505
4084,0.03395862504839897,122,852627
4085,-12.5167818069458,634,853261
4086,-14.442011833190918,778,854039
4087,-12.789892196655273,637,854676
4088,0.030718356370925903,181,854857
4089,-0.04582531005144119,104,854961
4090,0.03267533332109451,98,855059
4091,-0.04508063197135925,56,855115
4092,-22.269081115722656,1081,856196
4093,-14.865992546081543,790,856986
4094,-14.943913459777832,784,857770
4095,0.01678583398461342,114,857884
4096,0.0013722516596317291,86,857970
4097,-0.021065320819616318,70,858040
4098,-0.020862026140093803,102,858142
4099,-0.04687795042991638,121,858263
4100,-2.20162034034729,344,858607
4101,-19.688304901123047,991,859598
4102,-10.674724578857422,701,860299
4103,0.028931401669979095,106,860405
4104,-14.503863334655762,801,861206
4105,-7.664163589477539,657,861863
4106,-0.044888779520988464,73,861936
4107,-11.413559913635254,700,862636
4108,0.015924498438835144,90,862726
4109,-12.080994606018066,674,863400
4110,-10.558109283447266,641,864041
4111,-0.045183900743722916,64,864105
4112,-0.04765216261148453,209,864314
4113,0.09254895150661469,435,864749
4114,-0.045821141451597214,128,864877
4115,-4.483483791351318,495,865372
4116,-0.045803315937519073,83,865455
4117,-0.009375616908073425,98,865553
4118,0.019026264548301697,88,865641
4119,-18.40973472595215,924,866565
4120,-0.04177138954401016,74,866639
4121,-0.04531249403953552,71,866710
4122,-7.545337677001953,604,867314
4123,-6.24813985824585,499,867813
4124,-13.1725435256958,731,868544
4125,0.012332998216152191,162,868706
4126,0.04462835565209389,120,868826
4127,-0.034070905297994614,118,868944
4128,-14.842944145202637,796,869740
4129,0.055439360439777374,114,869854
4130,-10.38813591003418,631,870485
4131,-0.01217057928442955,141,870626
4132,-11.652413368225098,789,871415
4133,-15.713074684143066,849,872264
4134,-0.04543862119317055,73,872337
4135,0.025834131985902786,104,872441
4136,-0.005050927400588989,116,872557
4137,-3.96921443939209,491,873048
4138,0.014342967420816422,104,873152
4139,-0.0448264516890049,49,873201
4140,0.05604688823223114,145,873346
4141,0.08352821320295334,160,873506
4142,-11.11943244934082,656,874162
4143,-0.04543100669980049,98,874260
4144,-0.04739474505186081,190,874450
4145,-4.72133731842041,425,874875
4146,0.06162140145897865,185,875060
4147,-13.845907211303711,747,875807
4148,-0.023309102281928062,82,875889
4149,0.026610229164361954,113,876002
4150,-13.333038330078125,811,876813
4151,-0.03507757931947708,89,876902
4152,0.024796433746814728,112,877014
4153,-0.004221070557832718,62,877076
4154,0.02006058767437935,84,877160
4155,0.011789564043283463,111,877271
4156,-14.786614418029785,817,878088
4157,0.03830795735120773,120,878208
4158,-12.810561180114746,656,878864
4159,-12.196799278259277,696,879560
4160,-13.966641426086426,761,880321
4161,-11.227180480957031,651,880972
4162,-0.026133783161640167,87,881059
4163,-5.469292640686035,444,881503
4164,-0.04306255280971527,78,881581
4165,-0.009367592632770538,102,881683
4166,-0.039684563875198364,132,881815
4167,-4.556119918823242,435,882250
4168,-0.04501621425151825,57,882307
4169,-0.04621732234954834,99,882406
4170,0.032675180584192276,108,882514
4171,0.043685588985681534,135,882649
4172,0.03454618901014328,104,882753
4173,-10.886760711669922,742,883495
4174,-0.04593004658818245,102,883597
4175,-0.045144759118556976,57,883654
4176,-14.208512306213379,769,884423
4177,-0.0008304901421070099,85,884508
4178,0.05610206723213196,105,884613
4179,-15.461380004882812,896,885509
4180,-0.010735873132944107,62,885571
4181,0.021939102560281754,100,885671
4182,-4.4970808029174805,460,886131
4183,-0.039576560258865356,86,886217
4184,-15.13665771484375,909,887126
4185,-0.02082817070186138,83,887209
4186,0.017688535153865814,85,887294
4187,-0.045557208359241486,95,887389
4188,0.05142233520746231,125,887514
4189,-0.046236298978328705,132,887646
4190,-0.045142464339733124,60,887706
4191,0.022611450403928757,94,887800
4192,-17.216978073120117,899,888699
4193,0.022177405655384064,98,888797
4194,-14.21825122833252,773,889570
4195,-13.699058532714844,740,890310
4196,0.013881754130125046,90,890400
4197,-0.045030370354652405,62,890462
4198,-0.04572298750281334,137,890599
4199,-13.010722160339355,725,891324
4200,-0.007795378565788269,127,891451
4201,-0.04529288411140442,132,891583
4202,0.04393884912133217,126,891709
4203,-0.004510931670665741,106,891815
4204,-0.02735207788646221,86,891901
4205,-14.748592376708984,797,892698
4206,0.014053989201784134,82,892780
4207,-0.044859934598207474,87,892867
4208,-11.722417831420898,686,893553
4209,-12.784745216369629,709,894262
4210,0.008883338421583176,85,894347
4211,-0.04481495916843414,95,894442
4212,-0.007092408835887909,112,894554
4213,0.022996190935373306,99,894653
4214,-2.879016876220703,354,895007
4215,-14.630244255065918,746,895753
4216,-1.0758962631225586,375,896128
4217,-15.293427467346191,789,896917
4218,-23.388029098510742,1201,898118
4219,0.06508195400238037,162,898280
4220,-0.04525838419795036,87,898367
4221,-15.193973541259766,812,899179
4222,0.04575411230325699,105,899284
4223,-0.04550773650407791,111,899395
4224,-15.23675537109375,829,900224
4225,-0.04540328308939934,87,900311
4226,-0.04518095403909683,84,900395
4227,0.09092208743095398,147,900542
4228,-13.352920532226562,731,901273
4229,-0.010669175535440445,77,901350
4230,-10.38845157623291,658,902008
4231,-1.2901474237442017,519,902527
4232,-20.89405059814453,1361,903888
4233,-0.04513870179653168,62,903950
4234,-13.629773139953613,688,904638
4235,-9.032144546508789,603,905241
4236,-20.758289337158203,1186,906427
4237,-0.04649122431874275,180,906607
4238,-12.308297157287598,744,907351
4239,-0.02458498813211918,59,907410
4240,-0.02411707490682602,57,907467
4241,-13.25954532623291,717,908184
4242,0.11621290445327759,266,908450
4243,0.03853297606110573,107,908557
4244,0.004874266684055328,93,908650
4245,0.043077681213617325,93,908743
4246,-0.0041991062462329865,60,908803
4247,0.01715145632624626,89,908892
4248,-0.015517566353082657,80,908972
4249,-0.045055266469717026,54,909026
4250,-19.542783737182617,1118,910144
4251,-12.311653137207031,758,910902
4252,0.01730053871870041,87,910989
4253,-0.04816221445798874,388,911377
4254,-0.005800478160381317,119,911496
4255,-13.495682716369629,723,912219
4256,-16.741323471069336,793,913012
4257,-9.008776664733887,567,913579
4258,-0.03078705631196499,389,913968
4259,0.03060486912727356,103,914071
4260,-0.0448819100856781,95,914166
4261,-0.046423155814409256,163,914329
4262,0.053011707961559296,140,914469
4263,-0.04637956991791725,121,914590
4264,0.047383833676576614,99,914689
4265,-0.04559526592493057,100,914789
4266,0.033986035734415054,96,914885
4267,-0.0454806387424469,79,914964
4268,-0.017142122611403465,217,915181
4269,0.0282505601644516,89,915270
4270,-0.047925278544425964,317,915587
4271,-14.2805814743042,740,916327
4272,-1.1824229955673218,341,916668
4273,-0.04522476717829704,86,916754
4274,0.0039863549172878265,138,916892
4275,-6.084792613983154,508,917400
4276,0.0686851218342781,132,917532
4277,-4.533478260040283,398,917930
4278,-0.04506273940205574,57,917987
4279,-0.04597853124141693,107,918094
4280,-4.7537407875061035,416,918510
4281,-19.375553131103516,934,919444
4282,-0.04496827349066734,54,919498
4283,-6.3608832359313965,503,920001
4284,0.0024572722613811493,68,920069
4285,-22.822927474975586,1210,921279
4286,-0.018257852643728256,62,921341
4287,-22.910343170166016,1088,922429
4288,-0.04523584991693497,62,922491
4289,-0.046041764318943024,109,922600
4290,0.041648879647254944,113,922713
4291,0.01404234766960144,82,922795
4292,-0.04501059278845787,87,922882
4293,-0.046038564294576645,176,923058
4294,0.028628192842006683,110,923168
4295,-9.882659912109375,676,923844
4296,-10.653299331665039,636,924480
4297,-14.321707725524902,766,925246
4298,-0.04592149332165718,120,925366
4299,0.03055066242814064,418,925784
4300,-0.045198146253824234,67,925851
4301,-11.928998947143555,664,926515
4302,0.0027880221605300903,74,926589
4303,0.004593130201101303,98,926687
4304,0.0011065378785133362,70,926757
4305,0.03330720216035843,95,926852
4306,-0.04034924879670143,63,926915
4307,-0.04585660994052887,154,927069
4308,0.003412589430809021,86,927155
4309,0.03802972286939621,111,927266
4310,-0.04498237371444702,55,927321
4311,-0.0449366569519043,54,927375
4312,-12.59075927734375,653,928028
4313,0.017586082220077515,103,928131
4314,-4.760655403137207,594,928725
4315,-0.008907284587621689,74,928799
4316,-0.04597656428813934,92,928891
4317,-0.04566705971956253,162,929053
4318,0.009639430791139603,86,929139
4319,-0.04534512758255005,70,929209
4320,-0.008966639637947083,140,929349
4321,-0.045475564897060394,211,929560
4322,0.0016433484852313995,97,929657
4323,0.006765600293874741,97,929754
4324,-0.012125249952077866,71,929825
4325,-10.976515769958496,739,930564
4326,-0.04510028287768364,60,930624
4327,-19.144746780395508,999,931623
4328,-0.04330131411552429,132,931755
4329,-0.035862307995557785,63,931818
4330,0.016609981656074524,76,931894
4331,0.023422330617904663,89,931983
4332,-8.21600341796875,634,932617
4333,-0.04566347971558571,94,932711
4334,-17.142377853393555,973,933684
4335,-12.972189903259277,666,934350
4336,-0.04540454223752022,89,934439
4337,-0.046052221208810806,100,934539
4338,-0.045981042087078094,98,934637
4339,-13.35811996459961,750,935387
4340,-0.029528837651014328,150,935537
4341,0.01049366220831871,73,935610
4342,-15.151237487792969,885,936495
4343,-3.585942268371582,354,936849
4344,-0.019209695979952812,107,936956
4345,0.020563799887895584,88,937044
4346,-15.078690528869629,784,937828
4347,-0.04558888450264931,78,937906
4348,0.044338345527648926,91,937997
4349,-0.005272142589092255,94,938091
4350,-0.04662560299038887,177,938268
4351,-0.03267240151762962,64,938332
4352,0.009182658046483994,89,938421
4353,0.042551230639219284,113,938534
4354,0.0014703646302223206,96,938630
4355,0.00019570812582969666,70,938700
4356,0.01829110085964203,123,938823
4357,0.023130889981985092,94,938917
4358,-0.04508731886744499,85,939002
4359,0.013153236359357834,96,939098
4360,-0.045971740037202835,121,939219
4361,-0.03395918011665344,106,939325
4362,-0.04573161154985428,89,939414
4363,-0.04475022852420807,88,939502
4364,-0.0007775276899337769,106,939608
4365,-1.799662470817566,346,939954
4366,-0.04504919424653053,89,940043
4367,-0.046963103115558624,216,940259
4368,-0.04265892133116722,107,940366
4369,-0.04576801508665085,116,940482
4370,0.024192988872528076,90,940572
4371,-0.005686506628990173,65,940637
4372,-0.0470338836312294,131,940768
4373,0.029367800801992416,162,940930
4374,0.01488848403096199,85,941015
4375,-0.04507698491215706,64,941079
4376,-0.007179230451583862,72,941151
4377,0.004806458950042725,76,941227
4378,-0.04503422603011131,55,941282
4379,-0.04553598165512085,101,941383
4380,-3.7624800205230713,356,941739
4381,-0.04499630630016327,56,941795
4382,-0.044936519116163254,68,941863
4383,-0.04476520046591759,85,941948
4384,-0.02843325212597847,70,942018
4385,-0.044984329491853714,88,942106
4386,-0.0064957961440086365,98,942204
4387,0.03866159915924072,114,942318
4388,-0.045215338468551636,99,942417
4389,-0.0079079270362854,97,942514
4390,-5.300545692443848,421,942935
4391,-0.045109789818525314,107,943042
4392,0.011126775294542313,81,943123
4393,-0.014450602233409882,71,943194
4394,0.021767567843198776,96,943290
4395,-0.019561931490898132,78,943368
4396,0.007010199129581451,88,943456
4397,-17.56254005432129,890,944346
4398,-0.008357957005500793,87,944433
4399,-0.009181331843137741,80,944513
4400,-0.007444053888320923,94,944607
4401,0.029117371886968613,123,944730
4402,-0.0002976655960083008,69,944799
4403,-0.045905303210020065,92,944891
4404,-0.045259956270456314,105,944996
4405,0.009714599698781967,82,945078
4406,-0.04546871408820152,181,945259
4407,-0.04524001479148865,67,945326
4408,-0.013919737190008163,84,945410
4409,-0.045076701790094376,69,945479
4410,0.020370811223983765,104,945583
4411,-0.04529334604740143,69,945652
4412,-0.04500249773263931,67,945719
4413,-0.044861581176519394,65,945784
4414,-0.04558748006820679,83,945867
4415,-0.045396577566862106,99,945966
4416,-0.02207331731915474,67,946033
4417,-0.045229874551296234,78,946111
4418,0.03577558323740959,100,946211
4419,-0.04504996910691261,92,946303
4420,0.03121281787753105,98,946401
4421,-0.04199431464076042,120,946521
4422,-0.03788502514362335,178,946699
4423,0.007049690932035446,95,946794
4424,-0.04507674276828766,94,946888
4425,-0.044756341725587845,92,946980
4426,0.0457448810338974,113,947093
4427,-0.04517175257205963,68,947161
4428,-0.007551595568656921,67,947228
4429,-0.045133497565984726,83,947311
4430,0.018247809261083603,89,947400
4431,-0.04571210965514183,105,947505
4432,-0.0029373280704021454,73,947578
4433,0.030973002314567566,103,947681
4434,0.024928420782089233,90,947771
4435,0.03904012590646744,105,947876
4436,0.03358011320233345,91,947967
4437,0.1051923930644989,196,948163
4438,-0.02824188582599163,78,948241
4439,-0.04084170609712601,94,948335
4440,-0.04494640231132507,81,948416
4441,-0.005197569727897644,84,948500
4442,-0.04698929935693741,185,948685
4443,-11.548479080200195,763,949448
4444,0.037918735295534134,95,949543
4445,-0.01459496095776558,60,949603
4446,-0.002923116087913513,70,949673
4447,0.017198670655488968,83,949756
4448,-0.04543975740671158,84,949840
4449,0.0367480032145977,96,949936
4450,0.024179264903068542,89,950025
4451,-0.023534808307886124,80,950105
4452,0.0012457557022571564,86,950191
4453,-0.03893234208226204,74,950265
4454,-0.0009619779884815216,91,950356
4455,0.09178093820810318,124,950480
4456,-0.04489760100841522,92,950572
4457,0.014342814683914185,108,950680
4458,-0.033959124237298965,98,950778
4459,-0.025908639654517174,86,950864
4460,0.0045915283262729645,74,950938
4461,-0.04556216672062874,95,951033
4462,0.003589637577533722,78,951111
4463,0.003188762813806534,96,951207
4464,-0.045496974140405655,93,951300
4465,0.029932383447885513,87,951387
4466,0.010050389915704727,80,951467
4467,-0.045226044952869415,95,951562
4468,0.02738409861922264,103,951665
4469,-0.0448770709335804,100,951765
4470,0.10634268820285797,137,951902
4471,-0.04556616395711899,83,951985
4472,0.049066998064517975,108,952093
4473,-0.045739445835351944,82,952175
4474,-0.007961947470903397,90,952265
4475,-0.0028038397431373596,97,952362
4476,-0.04180549085140228,85,952447
4477,0.0296960286796093,96,952543
4478,-0.04605299234390259,109,952652
4479,-0.045827578753232956,100,952752
4480,-0.04603525251150131,109,952861
4481,-0.01829180307686329,120,952981
4482,0.00980013981461525,76,953057
4483,-0.0008850395679473877,62,953119
4484,0.0061317384243011475,87,953206
4485,-0.04542101174592972,107,953313
4486,0.006813742220401764,104,953417
4487,-0.04565972834825516,85,953502
4488,-0.00764831155538559,70,953572
4489,0.0010664686560630798,114,953686
4490,0.03180236741900444,103,953789
4491,-12.641806602478027,702,954491
4492,-0.045003343373537064,58,954549
4493,0.059825994074344635,108,954657
4494,-4.6462273597717285,388,955045
4495,-4.346155166625977,387,955432
4496,0.031449541449546814,101,955533
4497,0.007723703980445862,85,955618
4498,-0.04496343061327934,93,955711
4499,-0.04508955031633377,62,955773
4500,0.014220576733350754,96,955869
4501,0.01974228024482727,88,955957
4502,0.06387943029403687,130,956087
4503,0.00555574893951416,91,956178
4504,-0.004049606621265411,90,956268
4505,-0.045774973928928375,92,956360
4506,-0.03979961574077606,64,956424
4507,-0.04574321210384369,99,956523
4508,-0.011109985411167145,77,956600
4509,-0.012617014348506927,98,956698
4510,-0.045538730919361115,81,956779
4511,-8.796026229858398,703,957482
4512,-0.03697163984179497,123,957605
4513,-0.0013893060386180878,84,957689
4514,0.01690736785531044,84,957773
4515,0.04024578630924225,97,957870
4516,-0.03559039905667305,70,957940
4517,-0.0457933247089386,114,958054
4518,0.043865252286195755,106,958160
4519,0.03540638089179993,105,958265
4520,-5.046449184417725,408,958673
4521,0.025572288781404495,94,958767
4522,0.003099881112575531,122,958889
4523,0.027712255716323853,89,958978
4524,0.08268900215625763,130,959108
4525,-0.04588041454553604,114,959222
4526,0.03544957563281059,90,959312
4527,0.009929712861776352,110,959422
4528,0.08960466831922531,129,959551
4529,-4.890050888061523,388,959939
4530,0.01856853812932968,86,960025
4531,-0.04596203565597534,106,960131
4532,-1.3339588642120361,452,960583
4533,-0.03708156943321228,65,960648
4534,-0.04580501466989517,105,960753
4535,-0.009245727211236954,78,960831
4536,0.012337654829025269,96,960927
4537,0.07635128498077393,119,961046
4538,-0.0455029122531414,104,961150
4539,-0.04566257447004318,90,961240
4540,0.021505489945411682,108,961348
4541,0.062133949249982834,107,961455
4542,-0.04569445922970772,89,961544
4543,-0.0005424544215202332,101,961645
4544,-0.01870717480778694,88,961733
4545,-4.149470329284668,448,962181
4546,0.02985493838787079,91,962272
4547,-0.0033187083899974823,193,962465
4548,0.014579497277736664,87,962552
4549,0.06827788054943085,112,962664
4550,-2.1783106327056885,478,963142
4551,0.094021737575531,127,963269
4552,-0.045760806649923325,106,963375
4553,-0.045523062348365784,80,963455
4554,-0.04586867615580559,102,963557
4555,0.018470246344804764,158,963715
4556,-0.04279009625315666,64,963779
4557,0.02988780289888382,98,963877
4558,-0.01379040814936161,86,963963
4559,0.04286963865160942,103,964066
4560,-0.045241210609674454,66,964132
4561,-0.0161003228276968,93,964225
4562,0.07736466825008392,122,964347
4563,-7.3314385414123535,625,964972
4564,0.026903260499238968,89,965061
4565,-0.04591679573059082,103,965164
4566,0.03097357600927353,152,965316
4567,-0.04520568624138832,62,965378
4568,-0.044969528913497925,97,965475
4569,0.08968906104564667,122,965597
4570,0.008296433836221695,101,965698
4571,-6.495065212249756,499,966197
4572,0.05497444048523903,111,966308
4573,-0.04591364786028862,100,966408
4574,-0.045464929193258286,111,966519
4575,0.0016223974525928497,65,966584
4576,-0.03863973915576935,122,966706
4577,0.10090026259422302,128,966834
4578,-17.648700714111328,915,967749
4579,0.01686999574303627,107,967856
4580,-0.0330086313188076,105,967961
4581,-0.04395167529582977,66,968027
4582,0.054417017847299576,104,968131
4583,-0.01870841346681118,57,968188
4584,-0.04061508923768997,86,968274
4585,-0.04676597937941551,155,968429
4586,-0.021076180040836334,67,968496
4587,-10.378902435302734,696,969192
4588,-0.045174241065979004,66,969258
4589,-0.011213202029466629,67,969325
4590,-18.33133316040039,961,970286
4591,-0.03964884951710701,85,970371
4592,0.01907207816839218,132,970503
4593,-1.3028723001480103,307,970810
4594,-0.045958783477544785,99,970909
4595,-0.046010516583919525,94,971003
4596,-0.04611744359135628,99,971102
4597,-0.018321670591831207,62,971164
4598,-0.04584716632962227,113,971277
4599,-4.329641342163086,393,971670
4600,0.05139847472310066,123,971793
4601,0.02538498118519783,112,971905
4602,-0.04566257819533348,83,971988
4603,-4.581542015075684,383,972371
4604,-5.679320812225342,418,972789
4605,-0.016186898574233055,68,972857
4606,-0.0297161303460598,104,972961
4607,-4.672028064727783,430,973391
4608,0.05609918758273125,156,973547
4609,0.05818856880068779,127,973674
4610,-0.03039606474339962,135,973809
4611,0.020552203059196472,117,973926
4612,-0.04597853869199753,94,974020
4613,-14.936405181884766,903,974923
4614,0.0993470773100853,126,975049
4615,-0.036854226142168045,92,975141
4616,-0.00572112575173378,83,975224
4617,-0.04536798968911171,76,975300
4618,0.0727262943983078,121,975421
4619,-0.04772612825036049,189,975610
4620,-0.049307823181152344,425,976035
4621,-0.015083620324730873,98,976133
4622,0.08171623945236206,128,976261
4623,-0.04417289048433304,65,976326
4624,-0.04502440616488457,60,976386
4625,-0.045792024582624435,85,976471
4626,0.009636115282773972,90,976561
4627,-0.04526051878929138,57,976618
4628,-0.04394233226776123,74,976692
4629,-0.04540712386369705,68,976760
4630,-2.3214147090911865,313,977073
4631,0.029720362275838852,98,977171
4632,-2.9478373527526855,309,977480
4633,-0.04518859460949898,64,977544
4634,-2.6719582080841064,368,977912
4635,-7.838020324707031,582,978494
4636,0.04572944715619087,109,978603
4637,-6.4440836906433105,477,979080
4638,-0.04535563662648201,137,979217
4639,-0.031044047325849533,104,979321
4640,-0.03150645270943642,53,979374
4641,-0.04837435856461525,273,979647
4642,0.05961216613650322,109,979756
4643,0.013616383075714111,107,979863
4644,0.031220246106386185,98,979961
4645,0.05343777686357498,125,980086
4646,-0.012605544179677963,58,980144
4647,0.037359464913606644,125,980269
4648,0.0021590888500213623,95,980364
4649,0.04288090765476227,114,980478
4650,0.055031001567840576,116,980594
4651,0.025136839598417282,109,980703
4652,-8.610748291015625,547,981250
4653,-0.04511570557951927,63,981313
4654,-19.08273696899414,976,982289
4655,0.25491413474082947,300,982589
4656,0.0663459375500679,106,982695
4657,-0.006224330514669418,62,982757
4658,0.25299009680747986,284,983041
4659,-2.711808681488037,316,983357
4660,0.07062435150146484,126,983483
4661,-0.045785922557115555,100,983583
4662,0.029421497136354446,110,983693
4663,-15.07487964630127,765,984458
4664,0.01849229633808136,101,984559
4665,0.0555587075650692,110,984669
4666,-12.955129623413086,730,985399
4667,-12.630365371704102,737,986136
4668,-4.755415439605713,460,986596
4669,-0.045186057686805725,66,986662
4670,-0.009433437138795853,154,986816
4671,0.010572008788585663,78,986894
4672,0.03174245357513428,128,987022
4673,-5.7468414306640625,575,987597
4674,-0.04753640294075012,446,988043
4675,-0.022054165601730347,84,988127
4676,-0.04589191451668739,143,988270
4677,0.08651185035705566,116,988386
4678,-0.045040566474199295,87,988473
4679,-0.04543161764740944,103,988576
4680,-0.002930726855993271,85,988661
4681,0.09077706187963486,155,988816
4682,0.2302035391330719,287,989103
4683,-0.04714310169219971,197,989300
4684,0.3465917706489563,307,989607
4685,0.01301686093211174,107,989714
4686,-0.04438725858926773,97,989811
4687,0.00399114191532135,77,989888
4688,-12.570719718933105,689,990577
4689,-0.03151553124189377,105,990682
4690,0.11005201935768127,138,990820
4691,-0.04576947167515755,150,990970
4692,-0.04558487609028816,124,991094
4693,0.044627346098423004,143,991237
4694,0.052810803055763245,103,991340
4695,-0.04628949612379074,92,991432
4696,-0.04473499953746796,84,991516
4697,-1.1901394128799438,381,991897
4698,-0.04574933648109436,86,991983
4699,-0.045593686401844025,75,992058
4700,0.035647112876176834,104,992162
4701,-0.011247247457504272,95,992257
4702,0.0639348179101944,148,992405
4703,-0.0459018312394619,82,992487
4704,-0.03321664780378342,123,992610
4705,-0.04681576043367386,195,992805
4706,-0.04827132448554039,318,993123
4707,-0.0456341952085495,83,993206
4708,-0.045335475355386734,77,993283
4709,0.028368256986141205,84,993367
4710,0.007189810276031494,99,993466
4711,-0.04617125913500786,187,993653
4712,0.011806249618530273,85,993738
4713,0.010887742042541504,75,993813
4714,-0.04676606133580208,123,993936
4715,0.012985043227672577,84,994020
4716,-0.04525389522314072,79,994099
4717,-0.04578853398561478,85,994184
4718,-0.023753121495246887,86,994270
4719,-0.04609357565641403,97,994367
4720,0.010386332869529724,73,994440
4721,-0.04619976878166199,145,994585
4722,0.08510184288024902,127,994712
4723,0.059647392481565475,211,994923
4724,0.055977556854486465,109,995032
4725,-0.019710782915353775,64,995096
4726,-0.04548674821853638,146,995242
4727,0.04452727362513542,104,995346
4728,-11.516131401062012,732,996078
4729,0.058463335037231445,115,996193
4730,-0.04616072028875351,105,996298
4731,0.041256990283727646,109,996407
4732,-1.5687741041183472,381,996788
4733,0.030320122838020325,111,996899
4734,0.031223073601722717,104,997003
4735,-0.04546680301427841,65,997068
4736,-0.012463577091693878,102,997170
4737,0.08327513933181763,127,997297
4738,-0.04529844596982002,62,997359
4739,-0.046189453452825546,97,997456
4740,-0.04600384086370468,150,997606
4741,0.014198753982782364,114,997720
4742,-0.048942629247903824,219,997939
4743,0.04710732400417328,113,998052
4744,-0.04535738378763199,105,998157
4745,-0.04572344571352005,82,998239
4746,-6.854664325714111,530,998769
4747,0.04241500422358513,111,998880
4748,0.07624626159667969,119,998999
4749,-2.1641907691955566,329,999328
4750,0.0010131262242794037,111,999439
4751,0.06666738539934158,123,999562
4752,-0.04554742947220802,151,999713
4753,0.04092603921890259,110,999823
4754,-0.0459294319152832,124,999947
4755,0.045774124562740326,109,1000056
4756,-0.0462082102894783,95,1000151
4757,0.10334958136081696,171,1000322
4758,-0.022482672706246376,55,1000377
4759,-0.0464327409863472,132,1000509
4760,0.11297544091939926,135,1000644
4761,-0.045936066657304764,113,1000757
4762,-0.040064577013254166,357,1001114
4763,-0.04600968956947327,110,1001224
4764,-0.04587183892726898,106,1001330
4765,-10.970982551574707,722,1002052
4766,-4.327950954437256,450,1002502
4767,-0.04588994383811951,185,1002687
4768,-0.04635341465473175,96,1002783
4769,-0.045933425426483154,104,1002887
4770,-0.013525068759918213,65,1002952
4771,-5.356868267059326,440,1003392
4772,-0.04098742455244064,98,1003490
4773,-0.024879153817892075,90,1003580
4774,-2.133355140686035,297,1003877
4775,-1.3384701013565063,314,1004191
4776,-5.990504264831543,423,1004614
4777,0.05265190452337265,111,1004725
4778,-5.991392612457275,485,1005210
4779,-0.04563647136092186,136,1005346
4780,0.049401797354221344,118,1005464
4781,-0.0008384250104427338,110,1005574
4782,-7.811312198638916,515,1006089
4783,-26.216957092285156,1253,1007342
4784,-4.284114360809326,482,1007824
4785,-0.04558182135224342,119,1007943
4786,-1.3163468837738037,354,1008297
4787,-5.4725213050842285,443,1008740
4788,0.04063953459262848,119,1008859
4789,-0.04597950354218483,130,1008989
4790,-0.012501467019319534,95,1009084
4791,-6.135355472564697,482,1009566
4792,-4.672919750213623,374,1009940
4793,-0.02586713247001171,96,1010036
4794,-0.04501897096633911,70,1010106
4795,0.048238880932331085,103,1010209
4796,-0.04519486054778099,90,1010299
4797,-1.806654930114746,508,1010807
4798,-0.04615315422415733,98,1010905
4799,0.08053095638751984,121,1011026
4800,-1.3845577239990234,343,1011369
4801,0.06078072264790535,131,1011500
4802,-0.04611845314502716,101,1011601
4803,-0.3437185287475586,346,1011947
4804,0.16085407137870789,277,1012224
4805,0.06400580704212189,180,1012404
4806,0.03997490555047989,106,1012510
4807,-7.589399337768555,492,1013002
4808,-0.045657556504011154,107,1013109
4809,-0.04556950554251671,87,1013196
4810,0.07341253757476807,248,1013444
4811,0.027574703097343445,103,1013547
4812,-0.0462365560233593,95,1013642
4813,0.02636871486902237,105,1013747
4814,-0.04541280120611191,96,1013843
4815,0.0269324891269207,97,1013940
4816,-0.008752793073654175,66,1014006
4817,0.022058095782995224,91,1014097
4818,0.15039502084255219,219,1014316
4819,-3.4488582611083984,341,1014657
4820,0.06429588794708252,118,1014775
4821,-0.0472441092133522,150,1014925
4822,-0.0034496821463108063,102,1015027
4823,-0.03743800148367882,188,1015215
4824,0.045989323407411575,102,1015317
4825,-0.03526848182082176,81,1015398
4826,0.07746750116348267,130,1015528
4827,-0.04522249475121498,81,1015609
4828,-0.04627266153693199,95,1015704
4829,0.007312547415494919,77,1015781
4830,-0.04632505774497986,97,1015878
4831,-17.514249801635742,920,1016798
4832,-0.04592807963490486,103,1016901
4833,-6.135481834411621,468,1017369
4834,-0.045527081936597824,70,1017439
4835,0.05133237689733505,116,1017555
4836,0.0390595905482769,104,1017659
4837,-0.043404720723629,109,1017768
4838,0.0037180334329605103,101,1017869
4839,-0.009359706193208694,108,1017977
4840,-0.021180899813771248,52,1018029
4841,0.0453622080385685,109,1018138
4842,0.04534926265478134,103,1018241
4843,-10.48516845703125,577,1018818
4844,0.06629405915737152,182,1019000
4845,-0.001744154840707779,77,1019077
4846,-0.8044664263725281,332,1019409
4847,-7.473609924316406,454,1019863
4848,-0.04639112204313278,121,1019984
4849,0.025218874216079712,112,1020096
4850,-0.04594206437468529,91,1020187
4851,-7.6496758460998535,598,1020785
4852,-0.045847829431295395,103,1020888
4853,-0.04538177698850632,60,1020948
4854,0.04824463650584221,107,1021055
4855,-25.946901321411133,1209,1022264
4856,-0.02026502974331379,89,1022353
4857,-0.04607253894209862,101,1022454
4858,-0.03795318678021431,90,1022544
4859,-5.8739752769470215,444,1022988
4860,-0.02904597669839859,175,1023163
4861,-0.003920253366231918,108,1023271
4862,-5.863363265991211,460,1023731
4863,0.024054985493421555,86,1023817
4864,-0.02845059521496296,79,1023896
4865,0.07019644975662231,128,1024024
4866,-0.045219890773296356,49,1024073
4867,-0.04685927927494049,204,1024277
4868,-0.023129409179091454,106,1024383
4869,-2.8606507778167725,316,1024699
4870,0.05202491581439972,104,1024803
4871,0.0620984211564064,111,1024914
4872,0.03168956935405731,107,1025021
4873,-0.045567836612463,75,1025096
4874,0.012946270406246185,117,1025213
4875,0.032796960324048996,84,1025297
4876,-0.004066772758960724,72,1025369
4877,-0.008556332439184189,100,1025469
4878,-0.02735532447695732,94,1025563
4879,-4.974494457244873,462,1026025
4880,0.033106349408626556,100,1026125
4881,0.0013037510216236115,82,1026207
4882,0.042000025510787964,105,1026312
4883,-0.04375780373811722,98,1026410
4884,0.06157977506518364,291,1026701
4885,-8.006250381469727,468,1027169
4886,0.000990264117717743,66,1027235
4887,0.0682755708694458,120,1027355
4888,0.020829398185014725,74,1027429
4889,0.04107017070055008,119,1027548
4890,-0.04124041274189949,85,1027633
4891,0.028150562196969986,98,1027731
4892,0.016980186104774475,87,1027818
4893,-0.046064648777246475,93,1027911
4894,-5.2904052734375,412,1028323
4895,0.07056328654289246,131,1028454
4896,-2.5432556867599487e-05,71,1028525
4897,-4.225329399108887,416,1028941
4898,-17.6209716796875,925,1029866
4899,-10.613061904907227,606,1030472
4900,-0.022082796320319176,97,1030569
4901,-0.04575938358902931,80,1030649
4902,0.012573707848787308,103,1030752
4903,-13.19518756866455,854,1031606
4904,-0.04625394195318222,100,1031706
4905,-0.045609697699546814,92,1031798
4906,0.025998994708061218,106,1031904
4907,-2.949467658996582,310,1032214
4908,-0.04569698125123978,95,1032309
4909,-3.169947624206543,388,1032697
4910,0.22657860815525055,278,1032975
4911,0.03437195345759392,169,1033144
4912,-1.0956493616104126,286,1033430
4913,-0.04612869769334793,85,1033515
4914,-0.04540998488664627,72,1033587
4915,0.0019248314201831818,93,1033680
4916,-0.04305142164230347,87,1033767
4917,0.03154899924993515,105,1033872
4918,-0.045851632952690125,104,1033976
4919,-0.04609592258930206,105,1034081
4920,-0.025228232145309448,98,1034179
4921,-3.3964853286743164,362,1034541
4922,-0.033398132771253586,138,1034679
4923,-0.04558158665895462,93,1034772
4924,-0.017377804964780807,79,1034851
4925,-0.04623068496584892,98,1034949
4926,-1.596524715423584,295,1035244
4927,0.1797919124364853,257,1035501
4928,-0.015671534463763237,79,1035580
4929,-0.045913390815258026,135,1035715
4930,0.031248409301042557,138,1035853
4931,-0.04522477835416794,82,1035935
4932,-0.012629054486751556,96,1036031
4933,-0.021819965913891792,55,1036086
4934,-0.04535849392414093,87,1036173
4935,0.06947013735771179,149,1036322
4936,0.0647604763507843,119,1036441
4937,0.05430062487721443,123,1036564
4938,0.027517911046743393,108,1036672
4939,-0.045401059091091156,89,1036761
4940,-0.48958685994148254,278,1037039
4941,-0.04544014111161232,83,1037122
4942,-0.03974887356162071,54,1037176
4943,-0.04605140537023544,113,1037289
4944,-0.04605785757303238,100,1037389
4945,-0.04453827440738678,88,1037477
4946,-0.025898946449160576,71,1037548
4947,-0.045434653759002686,72,1037620
4948,-0.3654734790325165,385,1038005
4949,-0.045645661652088165,116,1038121
4950,-0.04591376706957817,107,1038228
4951,0.024871639907360077,87,1038315
4952,0.029182013124227524,92,1038407
4953,-0.02095858007669449,98,1038505
4954,0.0016614347696304321,65,1038570
4955,-0.04554876312613487,71,1038641
4956,0.060699477791786194,271,1038912
4957,-0.046019282191991806,88,1039000
4958,-0.01572190597653389,110,1039110
4959,0.026743993163108826,96,1039206
4960,-0.046093642711639404,147,1039353
4961,-0.015382947400212288,95,1039448
4962,-0.04993665963411331,269,1039717
4963,-0.030242089182138443,66,1039783
4964,-0.046462688595056534,93,1039876
4965,-0.03590025007724762,65,1039941
4966,0.0721893385052681,128,1040069
4967,0.004283316433429718,86,1040155
4968,-0.04627499729394913,100,1040255
4969,-0.04624374955892563,100,1040355
4970,-0.045842528343200684,94,1040449
4971,-0.02201162837445736,56,1040505
4972,-0.021495118737220764,55,1040560
4973,-5.256965160369873,430,1040990
4974,-0.04618590325117111,100,1041090
4975,-0.04670029133558273,112,1041202
4976,-0.04522125795483589,55,1041257
4977,-0.04669850319623947,114,1041371
4978,-8.95041561126709,561,1041932
4979,-0.039162229746580124,212,1042144
4980,0.03541605547070503,109,1042253
4981,-0.04519765079021454,54,1042307
4982,-0.046522628515958786,95,1042402
4983,-0.04639151692390442,118,1042520
4984,0.023389402776956558,93,1042613
4985,-0.04700656980276108,126,1042739
4986,-9.341176986694336,559,1043298
4987,0.006161652505397797,80,1043378
4988,-0.022633550688624382,57,1043435
4989,0.09130016714334488,120,1043555
4990,-0.0219444390386343,56,1043611
4991,-0.02460762858390808,90,1043701
4992,-0.04443666338920593,122,1043823
4993,-0.04635142534971237,91,1043914
4994,-0.8072400689125061,267,1044181
4995,0.02178594097495079,90,1044271
4996,0.08786794543266296,116,1044387
4997,-6.620178699493408,414,1044801
4998,-0.024267856031656265,88,1044889
4999,-0.005521126091480255,59,1044948
5000,0.023331426084041595,91,1045039
5001,-8.881828308105469,472,1045511
5002,-0.04640579596161842,162,1045673
5003,-3.8228724002838135,364,1046037
5004,-0.04653570428490639,191,1046228
5005,-0.01535503938794136,157,1046385
5006,-0.8854352235794067,258,1046643
5007,0.00228993222117424,178,1046821
5008,0.013606362044811249,107,1046928
5009,-0.045450519770383835,59,1046987
5010,-3.5127828121185303,316,1047303
5011,-0.01233053207397461,284,1047587
5012,-0.019159164279699326,99,1047686
5013,-0.04543985426425934,74,1047760
5014,-0.045500919222831726,56,1047816
5015,-0.04573453962802887,65,1047881
5016,-0.04845971241593361,178,1048059
5017,-1.5665186643600464,286,1048345
5018,-0.046561483293771744,93,1048438
5019,-0.045114725828170776,95,1048533
5020,0.04758099094033241,110,1048643
5021,0.0017283894121646881,77,1048720
5022,-4.665633201599121,367,1049087
5023,-0.04646291211247444,120,1049207
5024,0.01021544262766838,84,1049291
5025,-0.046464208513498306,164,1049455
5026,0.03008732572197914,97,1049552
5027,-0.046471502631902695,103,1049655
5028,0.06581366062164307,110,1049765
5029,0.046738605946302414,110,1049875
5030,-1.679504156112671,388,1050263
5031,-2.708657741546631,300,1050563
5032,0.008368007838726044,72,1050635
5033,0.054403990507125854,108,1050743
5034,-4.611956596374512,444,1051187
5035,0.29819411039352417,261,1051448
5036,-16.3751277923584,845,1052293
5037,-0.04647877439856529,174,1052467
5038,-0.045561533421278,62,1052529
5039,-0.027608957141637802,282,1052811
5040,-8.453178405761719,629,1053440
5041,-0.04704611003398895,113,1053553
5042,0.08913737535476685,218,1053771
5043,0.08763740956783295,244,1054015
5044,0.04897591471672058,107,1054122
5045,0.06075846776366234,124,1054246
5046,-4.158825874328613,369,1054615
5047,-11.570610046386719,626,1055241
5048,-0.04652157053351402,88,1055329
5049,-0.047275740653276443,199,1055528
5050,0.006526712328195572,84,1055612
5051,-18.133821487426758,1051,1056663
5052,-8.640216827392578,496,1057159
5053,-0.008568745106458664,68,1057227
5054,-0.014890177175402641,85,1057312
5055,-0.045494936406612396,83,1057395
5056,-0.04736437648534775,186,1057581
5057,-10.479928970336914,606,1058187
5058,-0.045639146119356155,58,1058245
5059,0.02912796288728714,101,1058346
5060,0.049901120364665985,111,1058457
5061,0.01766970008611679,91,1058548
5062,-7.100937366485596,541,1059089
5063,0.03694118931889534,106,1059195
5064,-16.720949172973633,816,1060011
5065,0.0330740325152874,103,1060114
5066,0.02910064160823822,96,1060210
5067,-9.467896461486816,530,1060740
5068,-0.04629009589552879,93,1060833
5069,-0.046454429626464844,107,1060940
5070,0.028083063662052155,145,1061085
5071,-12.543931007385254,716,1061801
5072,-0.025997532531619072,81,1061882
5073,-4.026561260223389,330,1062212
5074,-0.04597024619579315,143,1062355
5075,-2.4440901279449463,285,1062640
5076,-5.485293388366699,438,1063078
5077,-1.946692943572998,294,1063372
5078,-0.04732806608080864,161,1063533
5079,0.015924684703350067,112,1063645
5080,-0.042164504528045654,85,1063730
5081,-0.007677178829908371,130,1063860
5082,-0.029041988775134087,82,1063942
5083,-11.990763664245605,628,1064570
5084,-0.017155669629573822,75,1064645
5085,-6.633018970489502,480,1065125
5086,0.02693195641040802,97,1065222
5087,-0.9591285586357117,232,1065454
5088,-4.508091926574707,374,1065828
5089,-0.0008037500083446503,178,1066006
5090,0.05525444447994232,107,1066113
5091,-7.196545600891113,433,1066546
5092,0.027068238705396652,84,1066630
5093,-0.024044957011938095,102,1066732
5094,0.0026976019144058228,73,1066805
5095,-0.04638782516121864,98,1066903
5096,-0.04786284267902374,172,1067075
5097,0.008867837488651276,79,1067154
5098,0.11249841749668121,168,1067322
5099,0.09938700497150421,125,1067447
5100,-5.535887718200684,437,1067884
5101,-8.320013046264648,485,1068369
5102,-0.0461839884519577,107,1068476
5103,0.10383967310190201,128,1068604
5104,-0.046638377010822296,139,1068743
5105,0.029561996459960938,90,1068833
5106,0.084964320063591,119,1068952
5107,0.043945733457803726,123,1069075
5108,-13.24481201171875,647,1069722
5109,0.04947580024600029,100,1069822
5110,-1.0127370357513428,325,1070147
5111,-1.86514413356781,356,1070503
5112,-11.79853343963623,644,1071147
5113,-2.2170841693878174,323,1071470
5114,0.09304727613925934,392,1071862
5115,-6.687866687774658,434,1072296
5116,0.02576667070388794,95,1072391
5117,-1.7672560214996338,403,1072794
5118,-4.423585891723633,321,1073115
5119,0.03705540671944618,91,1073206
5120,-0.046251263469457626,102,1073308
5121,-4.534543037414551,396,1073704
5122,-2.096107006072998,290,1073994
5123,-8.765809059143066,513,1074507
5124,-6.246494293212891,388,1074895
5125,-0.002802334725856781,181,1075076
5126,-24.34664535522461,1181,1076257
5127,-24.642330169677734,1270,1077527
5128,-5.617414951324463,471,1077998
5129,-0.009888995438814163,76,1078074
5130,-5.588661193847656,373,1078447
5131,0.028467822819948196,96,1078543
5132,-9.30871868133545,534,1079077
5133,-3.0662574768066406,288,1079365
5134,-0.04670250415802002,107,1079472
5135,-0.04656757041811943,199,1079671
5136,-0.03488146513700485,82,1079753
5137,-6.854894161224365,606,1080359
5138,-7.026719570159912,387,1080746
5139,-8.168363571166992,491,1081237
5140,-0.8885521292686462,244,1081481
5141,-0.04582897573709488,125,1081606
5142,-0.04654588922858238,91,1081697
5143,0.05355115234851837,112,1081809
5144,0.009544670581817627,107,1081916
5145,-0.04591096192598343,113,1082029
5146,-4.603443145751953,343,1082372
5147,0.019902128726243973,111,1082483
5148,0.12499623745679855,146,1082629
5149,0.04533681645989418,111,1082740
5150,-5.297815799713135,329,1083069
5151,0.013643600046634674,111,1083180
5152,-11.515921592712402,738,1083918
5153,0.0404975488781929,207,1084125
5154,-0.046621646732091904,110,1084235
5155,-0.04679669439792633,185,1084420
5156,-0.00242060050368309,81,1084501
5157,0.20631377398967743,214,1084715
5158,-0.04684432968497276,208,1084923
5159,-8.05152702331543,456,1085379
5160,0.020085208117961884,87,1085466
5161,-2.523878574371338,282,1085748
5162,-0.045515015721321106,65,1085813
5163,-0.010483920574188232,71,1085884
5164,-0.1875782608985901,194,1086078
5165,-6.899922847747803,385,1086463
5166,-7.308996200561523,410,1086873
5167,0.06884634494781494,113,1086986
5168,-0.045953258872032166,84,1087070
5169,-0.04609096050262451,115,1087185
5170,0.094246506690979,128,1087313
5171,0.07854121923446655,120,1087433
5172,-0.02058454602956772,59,1087492
5173,-0.035648882389068604,111,1087603
5174,-1.9215481281280518,306,1087909
5175,-0.007425036281347275,104,1088013
5176,0.024749543517827988,129,1088142
5177,-2.709878921508789,276,1088418
5178,0.024994514882564545,96,1088514
5179,-1.4897651672363281,246,1088760
5180,-4.2663164138793945,278,1089038
5181,0.0561102032661438,128,1089166
5182,0.11456489562988281,135,1089301
5183,-0.022813614457845688,98,1089399
5184,-4.816504955291748,364,1089763
5185,-0.045502107590436935,61,1089824
5186,0.13739526271820068,219,1090043
5187,-0.016397753730416298,76,1090119
5188,0.0365549698472023,98,1090217
5189,-0.04633910953998566,119,1090336
5190,-0.047144565731287,134,1090470
5191,0.06988988816738129,352,1090822
5192,0.12861597537994385,192,1091014
5193,-0.04476649686694145,130,1091144
5194,0.014858383685350418,84,1091228
5195,0.11351539194583893,130,1091358
5196,-0.04595894739031792,109,1091467
5197,-7.364429950714111,451,1091918
5198,0.056168846786022186,133,1092051
5199,-0.04607221484184265,111,1092162
5200,-0.045757412910461426,68,1092230
5201,-5.1533966064453125,336,1092566
5202,-4.75966215133667,448,1093014
5203,-2.2429425716400146,458,1093472
5204,-6.258126735687256,500,1093972
5205,-0.046747688204050064,127,1094099
5206,-0.0025880858302116394,86,1094185
5207,0.015097014605998993,122,1094307
5208,-4.404168605804443,338,1094645
5209,-9.668013572692871,492,1095137
5210,-0.010164991021156311,100,1095237
5211,-0.04646899923682213,119,1095356
5212,0.0007657632231712341,110,1095466
5213,0.019060146063566208,154,1095620
5214,-0.01912456937134266,79,1095699
5215,-0.04616698995232582,120,1095819
5216,-0.04610060155391693,115,1095934
5217,0.026290524750947952,111,1096045
5218,-7.634397029876709,562,1096607
5219,-23.38652801513672,1155,1097762
5220,-0.037252720445394516,101,1097863
5221,-6.362760066986084,392,1098255
5222,-0.17549888789653778,254,1098509
5223,-0.04617003723978996,101,1098610
5224,0.023237187415361404,95,1098705
5225,-0.04654805734753609,94,1098799
5226,-0.0071323588490486145,71,1098870
5227,-0.04624204337596893,118,1098988
5228,-3.4800848960876465,356,1099344
5229,-0.013352178037166595,103,1099447
5230,-0.9494461417198181,401,1099848
5231,0.03258931636810303,108,1099956
5232,-0.04710797220468521,140,1100096
5233,-0.04680809751152992,126,1100222
5234,-0.02339550480246544,83,1100305
5235,0.0769709125161171,280,1100585
5236,-8.936702728271484,477,1101062
5237,0.03925171494483948,90,1101152
5238,-9.282866477966309,531,1101683
5239,0.1086263656616211,124,1101807
5240,-0.04603100195527077,77,1101884
5241,0.014294330030679703,109,1101993
5242,-0.0778423473238945,273,1102266
5243,-11.398687362670898,692,1102958
5244,0.011245917528867722,72,1103030
5245,0.06068241596221924,121,1103151
5246,-0.03431566059589386,102,1103253
5247,-20.01128578186035,960,1104213
5248,-5.355515003204346,396,1104609
5249,-0.005106218159198761,67,1104676
5250,0.03699064254760742,180,1104856
5251,-0.04541865736246109,55,1104911
5252,-0.04624131694436073,104,1105015
5253,-6.5094757080078125,365,1105380
5254,0.07469236850738525,118,1105498
5255,-0.04666317254304886,113,1105611
5256,0.08533380925655365,134,1105745
5257,-6.018355846405029,426,1106171
5258,-4.038597583770752,347,1106518
5259,-8.922073364257812,473,1106991
5260,-2.657238721847534,301,1107292
5261,-0.029638314619660378,78,1107370
5262,-4.517848014831543,362,1107732
5263,-0.045795220881700516,67,1107799
5264,-23.882007598876953,1170,1108969
5265,-0.008199106901884079,64,1109033
5266,-0.045966606587171555,101,1109134
5267,-14.378374099731445,718,1109852
5268,-0.04605478793382645,107,1109959
5269,-0.046363502740859985,101,1110060
5270,0.005867470055818558,83,1110143
5271,-4.430893421173096,433,1110576
5272,-3.076019287109375,323,1110899
5273,-6.183981895446777e-06,100,1110999
5274,0.12042663991451263,206,1111205
5275,-0.046847403049468994,104,1111309
5276,-1.7194573879241943,425,1111734
5277,-0.04634607955813408,94,1111828
5278,0.0763443186879158,126,1111954
5279,-5.96297025680542,439,1112393
5280,-7.343474388122559,407,1112800
5281,0.057144876569509506,125,1112925
5282,-0.045823920518159866,108,1113033
5283,0.030871190130710602,87,1113120
5284,0.004821866750717163,75,1113195
5285,-9.276836395263672,499,1113694
5286,0.08679303526878357,237,1113931
5287,-5.050310134887695,346,1114277
5288,0.026194721460342407,86,1114363
5289,-16.86688232421875,918,1115281
5290,0.09568710625171661,116,1115397
5291,-0.04597058147192001,124,1115521
5292,-0.02790004014968872,71,1115592
5293,-6.500003814697266,386,1115978
5294,0.03010912984609604,350,1116328
5295,0.009269587695598602,88,1116416
5296,0.02160278707742691,92,1116508
5297,-12.060646057128906,845,1117353
5298,0.0757630467414856,130,1117483
5299,0.1569366157054901,240,1117723
5300,-0.041784439235925674,79,1117802
5301,0.002117834985256195,263,1118065
5302,-6.527792453765869,390,1118455
5303,-13.558645248413086,737,1119192
5304,-27.413780212402344,1470,1120662
5305,-0.04830845817923546,326,1120988
5306,-13.962418556213379,696,1121684
5307,-9.264738082885742,599,1122283
5308,-0.04584889113903046,122,1122405
5309,-3.987976551055908,419,1122824
5310,0.010614976286888123,82,1122906
5311,0.03986876457929611,112,1123018
5312,0.04839829355478287,91,1123109
5313,-0.046167220920324326,134,1123243
5314,-0.04712311550974846,173,1123416
5315,-0.0008069612085819244,67,1123483
5316,-13.886112213134766,728,1124211
5317,0.001534298062324524,75,1124286
5318,-0.04534046724438667,117,1124403
5319,-0.04581483453512192,137,1124540
5320,0.04922332242131233,109,1124649
5321,0.20147079229354858,534,1125183
5322,-0.01480371505022049,65,1125248
5323,0.054457105696201324,220,1125468
5324,-6.7194294929504395,436,1125904
5325,-0.04695965349674225,114,1126018
5326,-4.495601654052734,364,1126382
5327,0.06705553084611893,114,1126496
5328,-0.0461839884519577,146,1126642
5329,-1.3698686361312866,245,1126887
5330,0.011053934693336487,76,1126963
5331,-0.009021062403917313,75,1127038
5332,-4.978720188140869,398,1127436
5333,-0.045956119894981384,76,1127512
5334,0.05247620865702629,108,1127620
5335,-0.046103306114673615,91,1127711
5336,-0.006473358720541,188,1127899
5337,-0.04651442542672157,237,1128136
5338,-0.009496692568063736,73,1128209
5339,-0.044190697371959686,106,1128315
5340,-0.047519855201244354,218,1128533
5341,-0.045951228588819504,127,1128660
5342,-0.47442522644996643,237,1128897
5343,-0.04590744897723198,75,1128972
5344,-0.02707027457654476,93,1129065
5345,0.11027529835700989,129,1129194
5346,0.0374520942568779,111,1129305
5347,-0.046197474002838135,132,1129437
5348,-13.216065406799316,691,1130128
5349,0.05568361282348633,116,1130244
5350,-3.1819450855255127,301,1130545
5351,-0.021974632516503334,64,1130609
5352,-0.046153075993061066,95,1130704
5353,-0.045954979956150055,68,1130772
5354,-2.129279375076294,271,1131043
5355,-6.552059650421143,525,1131568
5356,-2.4031832218170166,255,1131823
5357,0.02156003937125206,122,1131945
5358,-0.014206154271960258,99,1132044
5359,0.021910227835178375,122,1132166
5360,-0.04648192971944809,171,1132337
5361,-0.04483962804079056,124,1132461
5362,0.03638826310634613,139,1132600
5363,-0.045791976153850555,92,1132692
5364,-8.177108764648438,769,1133461
5365,-0.03944553807377815,304,1133765
5366,0.026785138994455338,84,1133849
5367,0.00945558026432991,78,1133927
5368,-0.004550449550151825,64,1133991
5369,-0.5926376581192017,205,1134196
5370,-26.492149353027344,1305,1135501
5371,-0.04561973363161087,101,1135602
5372,-0.0009219050407409668,123,1135725
5373,-0.046318281441926956,105,1135830
5374,-0.0465645007789135,158,1135988
5375,-23.43092155456543,1142,1137130
5376,0.05208296328783035,111,1137241
5377,-0.02014557272195816,87,1137328
5378,-0.009489297866821289,87,1137415
5379,0.06670147180557251,118,1137533
5380,-3.703282594680786,349,1137882
5381,0.10185351967811584,132,1138014
5382,-5.3248209953308105,418,1138432
5383,-3.0225296020507812,292,1138724
5384,-1.6879963874816895,225,1138949
5385,0.2742372453212738,291,1139240
5386,-4.583791255950928,298,1139538
5387,-18.006488800048828,905,1140443
5388,0.024338040500879288,114,1140557
5389,-0.017996126785874367,62,1140619
5390,-0.04599757865071297,120,1140739
5391,0.0005363374948501587,106,1140845
5392,-0.04605274647474289,125,1140970
5393,-6.153841495513916,351,1141321
5394,-11.234518051147461,726,1142047
5395,-0.002857014536857605,89,1142136
5396,-0.04854773357510567,245,1142381
5397,-5.078516006469727,316,1142697
5398,-7.86496639251709,464,1143161
5399,0.03262396156787872,111,1143272
5400,-0.04570787027478218,66,1143338
5401,-13.077509880065918,709,1144047
5402,-0.011990141123533249,96,1144143
5403,-7.8755316734313965,446,1144589
5404,-6.412156105041504,433,1145022
5405,0.1397838592529297,179,1145201
5406,-0.012447919696569443,290,1145491
5407,-19.03052520751953,1048,1146539
5408,0.019642364233732224,137,1146676
5409,-28.159000396728516,1394,1148070
5410,0.11071152985095978,168,1148238
5411,-0.046472322195768356,176,1148414
5412,-0.022477447986602783,126,1148540
5413,-15.148063659667969,813,1149353
5414,-0.04666988179087639,157,1149510
5415,-1.235819697380066,259,1149769
5416,-4.374213218688965,409,1150178
5417,0.012620542198419571,89,1150267
5418,-8.860868453979492,526,1150793
5419,0.18339784443378448,310,1151103
5420,-8.21184253692627,434,1151537
5421,-0.031877949833869934,101,1151638
5422,-0.0468612015247345,250,1151888
5423,-0.046356383711099625,108,1151996
5424,0.018382206559181213,77,1152073
5425,0.020103998482227325,116,1152189
5426,-0.04678669199347496,136,1152325
5427,0.01714096963405609,112,1152437
5428,-0.013469170778989792,111,1152548
5429,-11.792559623718262,659,1153207
5430,0.03947509825229645,112,1153319
5431,-0.046423256397247314,82,1153401
5432,-9.17563533782959,480,1153881
5433,-1.4168049097061157,248,1154129
5434,-0.04590671882033348,131,1154260
5435,0.07146190106868744,117,1154377
5436,-2.762519598007202,360,1154737
5437,0.006451297551393509,108,1154845
5438,-0.007784634828567505,122,1154967
5439,-2.2476513385772705,252,1155219
5440,-0.04478432238101959,117,1155336
5441,0.003106769174337387,80,1155416
5442,-0.4890247881412506,219,1155635
5443,-0.04651655629277229,147,1155782
5444,-0.048034440726041794,203,1155985
5445,0.05216873809695244,122,1156107
5446,-6.324490547180176,389,1156496
5447,-6.42709493637085,426,1156922
5448,0.09725364297628403,351,1157273
5449,-0.018232954666018486,93,1157366
5450,-0.04551541060209274,49,1157415
5451,0.05681690201163292,115,1157530
5452,-36.25555419921875,1733,1159263
5453,-0.04557418450713158,57,1159320
5454,-0.04636303335428238,137,1159457
5455,-0.0003847740590572357,71,1159528
5456,-0.04607926309108734,78,1159606
5457,0.005780290812253952,135,1159741
5458,-0.43743234872817993,211,1159952
5459,0.02352472022175789,107,1160059
5460,0.06124081835150719,127,1160186
5461,-0.046397026628255844,120,1160306
5462,-4.8201117515563965,399,1160705
5463,-0.046134404838085175,115,1160820
5464,0.13054172694683075,157,1160977
5465,0.019743047654628754,110,1161087
5466,-0.758810818195343,337,1161424
5467,-0.046582695096731186,154,1161578
5468,0.008873756974935532,66,1161644
5469,-0.05116172134876251,428,1162072
5470,0.02425398677587509,118,1162190
5471,-0.0402183011174202,82,1162272
5472,-0.04768094792962074,145,1162417
5473,-0.04601167514920235,123,1162540
5474,0.13305439054965973,135,1162675
5475,-14.016124725341797,921,1163596
5476,-0.008490577340126038,58,1163654
5477,-0.045568447560071945,105,1163759
5478,-0.022853756323456764,61,1163820
5479,-2.995253562927246,420,1164240
5480,0.02950708568096161,100,1164340
5481,-0.03858000785112381,89,1164429
5482,0.02996019273996353,119,1164548
5483,-6.567461967468262,437,1164985
5484,-0.04573098197579384,56,1165041
5485,0.07633422315120697,158,1165199
5486,-0.046348799020051956,93,1165292
5487,0.06384420394897461,127,1165419
5488,0.015557665377855301,175,1165594
5489,0.0853571966290474,134,1165728
5490,0.0602671280503273,128,1165856
5491,-0.04602166637778282,71,1165927
5492,-13.46249771118164,688,1166615
5493,0.03426937758922577,99,1166714
5494,-14.40589714050293,877,1167591
5495,-0.045968931168317795,115,1167706
5496,-0.04714735969901085,192,1167898
5497,-0.046105992048978806,105,1168003
5498,0.08465036749839783,130,1168133
5499,-0.045995090156793594,141,1168274
5500,-5.527165412902832,395,1168669
5501,-22.62959098815918,1037,1169706
5502,-0.04650766775012016,125,1169831
5503,0.07682006806135178,311,1170142
5504,-0.04673486202955246,141,1170283
5505,-12.200193405151367,787,1171070
5506,-0.0454133041203022,52,1171122
5507,0.02365592122077942,76,1171198
5508,-0.04648900032043457,169,1171367
5509,0.06479090452194214,102,1171469
5510,0.08217987418174744,113,1171582
5511,0.05190916731953621,131,1171713
5512,-17.855920791625977,919,1172632
5513,-0.040586866438388824,70,1172702
5514,-0.046303268522024155,169,1172871
5515,0.11024974286556244,308,1173179
5516,0.030096381902694702,129,1173308
5517,-5.959197521209717,414,1173722
5518,-4.883518218994141,388,1174110
5519,0.011513657867908478,220,1174330
5520,-0.016742734238505363,78,1174408
5521,-20.180749893188477,967,1175375
5522,-0.045936089009046555,97,1175472
5523,-0.046330053359270096,138,1175610
5524,0.10767301917076111,116,1175726
5525,-0.030053455382585526,62,1175788
5526,-0.046354349702596664,111,1175899
5527,-0.04612709581851959,77,1175976
5528,0.0562233105301857,113,1176089
5529,-0.04566457122564316,63,1176152
5530,0.11485537886619568,120,1176272
5531,-0.0342412032186985,75,1176347
5532,-0.04590611159801483,116,1176463
5533,-16.599191665649414,870,1177333
5534,-0.024836959317326546,196,1177529
5535,0.10311944037675858,119,1177648
5536,-0.045626163482666016,60,1177708
5537,-0.0033548399806022644,65,1177773
5538,-0.0456380695104599,61,1177834
5539,0.050476666539907455,126,1177960
5540,-0.014540234580636024,64,1178024
5541,-0.0063193179666996,106,1178130
5542,-0.0016284361481666565,70,1178200
5543,-0.043312568217515945,84,1178284
5544,-0.03836144879460335,116,1178400
5545,-0.04624469578266144,113,1178513
5546,-0.047850772738456726,216,1178729
5547,0.0269131101667881,85,1178814
5548,0.04104704037308693,118,1178932
5549,-4.669574737548828,422,1179354
5550,-0.046073637902736664,141,1179495
5551,0.028038956224918365,126,1179621
5552,-0.022961527109146118,59,1179680
5553,0.03573949635028839,87,1179767
5554,-0.006088592112064362,67,1179834
5555,-0.03405190259218216,110,1179944
5556,-0.006368979811668396,119,1180063
5557,0.07401041686534882,124,1180187
5558,-0.049443431198596954,341,1180528
5559,0.05572792515158653,134,1180662
5560,0.07976150512695312,123,1180785
5561,-2.360318899154663,275,1181060
5562,-0.028113506734371185,145,1181205
5563,-0.3350779116153717,232,1181437
5564,-0.04408605769276619,152,1181589
5565,-0.006264440715312958,70,1181659
5566,-0.046506889164447784,87,1181746
5567,-0.0069936104118824005,141,1181887
5568,0.01566435769200325,213,1182100
5569,-0.04457167536020279,81,1182181
5570,-0.010399293154478073,90,1182271
5571,0.0880386233329773,302,1182573
5572,-8.53280258178711,568,1183141
5573,0.10591921210289001,123,1183264
5574,-0.0054807402193546295,69,1183333
5575,-20.191692352294922,949,1184282
5576,-0.0459928996860981,80,1184362
5577,0.02620333805680275,103,1184465
5578,0.02171943336725235,130,1184595
5579,-0.01788599230349064,81,1184676
5580,-0.5804290771484375,258,1184934
5581,-0.0462370440363884,87,1185021
5582,0.0035153068602085114,121,1185142
5583,-1.887958288192749,263,1185405
5584,-7.103904724121094,509,1185914
5585,-0.045476771891117096,82,1185996
5586,-0.04590753838419914,75,1186071
5587,0.11192217469215393,133,1186204
5588,-0.018599648028612137,68,1186272
5589,-0.07130573689937592,210,1186482
5590,-0.005988176912069321,135,1186617
5591,-0.04546184092760086,47,1186664
5592,0.033143702894449234,83,1186747
5593,-0.026053747162222862,309,1187056
5594,0.08931092917919159,135,1187191
5595,-0.050249017775058746,307,1187498
5596,-0.007006984204053879,55,1187553
5597,-0.04685172811150551,178,1187731
5598,-0.039118651300668716,100,1187831
5599,-0.0392257496714592,59,1187890
5600,0.06985580921173096,111,1188001
5601,-0.026983875781297684,192,1188193
5602,0.07700031250715256,121,1188314
5603,-17.88888931274414,925,1189239
5604,0.012076999992132187,71,1189310
5605,-0.04671897739171982,153,1189463
5606,0.014583930373191833,97,1189560
5607,0.04937571659684181,133,1189693
5608,-0.046326082199811935,83,1189776
5609,0.039705462753772736,108,1189884
5610,0.058416854590177536,103,1189987
5611,-0.047080717980861664,132,1190119
5612,-0.035569436848163605,107,1190226
5613,-5.4597015380859375,547,1190773
5614,-0.016332285478711128,61,1190834
5615,-4.305310249328613,336,1191170
5616,-0.020571919158101082,67,1191237
5617,0.02557966113090515,81,1191318
5618,-0.04563517868518829,59,1191377
5619,-0.04579312726855278,148,1191525
5620,-0.043319541960954666,111,1191636
5621,0.09421287477016449,119,1191755
5622,0.08658069372177124,115,1191870
5623,0.036781616508960724,113,1191983
5624,0.0015023797750473022,127,1192110
5625,-7.782745361328125,531,1192641
5626,0.012255966663360596,148,1192789
5627,0.05970092490315437,174,1192963
5628,-0.03454916179180145,90,1193053
5629,-0.04574684426188469,92,1193145
5630,0.02180342748761177,399,1193544
5631,-0.040736664086580276,110,1193654
5632,0.05103335902094841,124,1193778
5633,0.017676323652267456,127,1193905
5634,-0.007399696856737137,80,1193985
5635,-0.023030905053019524,67,1194052
5636,-1.1980063915252686,366,1194418
5637,-0.004481639713048935,111,1194529
5638,0.009740788489580154,74,1194603
5639,-0.04588660970330238,138,1194741
5640,-0.0023035742342472076,75,1194816
5641,0.09763967990875244,165,1194981
5642,-0.03392946347594261,131,1195112
5643,-0.040290478616952896,82,1195194
5644,0.02011202648282051,83,1195277
5645,0.07368168234825134,173,1195450
5646,-0.046709947288036346,103,1195553
5647,-0.04017409309744835,59,1195612
5648,-6.681563854217529,438,1196050
5649,-0.04755787551403046,138,1196188
5650,-0.0463901087641716,68,1196256
5651,-1.3256345987319946,271,1196527
5652,0.010751202702522278,171,1196698
5653,-0.010715033859014511,124,1196822
5654,0.10155799984931946,141,1196963
5655,-0.019388608634471893,57,1197020
5656,0.014258455485105515,92,1197112
5657,-0.04593401774764061,91,1197203
5658,-0.04708313196897507,127,1197330
5659,-6.940149307250977,440,1197770
5660,-0.04652166739106178,104,1197874
5661,-4.584996223449707,368,1198242
5662,-0.0461873896420002,143,1198385
5663,-0.046106308698654175,76,1198461
5664,-0.004988696426153183,98,1198559
5665,-0.028710080310702324,75,1198634
5666,0.053321473300457,118,1198752
5667,-0.034658052027225494,123,1198875
5668,0.016946788877248764,83,1198958
5669,-0.04602913558483124,68,1199026
5670,0.032768215984106064,93,1199119
5671,-0.04594286158680916,75,1199194
5672,-0.034403350204229355,161,1199355
5673,0.05986466258764267,117,1199472
5674,-0.04583928361535072,99,1199571
5675,-0.04690022021532059,109,1199680
5676,-0.036696162074804306,100,1199780
5677,0.024775303900241852,108,1199888
5678,-0.04211272671818733,90,1199978
5679,0.003474406898021698,68,1200046
5680,-0.04610345512628555,100,1200146
5681,-0.04871701821684837,174,1200320
5682,0.2903895974159241,380,1200700
5683,0.0154590904712677,98,1200798
5684,-0.04641328006982803,99,1200897
5685,-0.029844006523489952,65,1200962
5686,0.07359279692173004,122,1201084
5687,0.013796146959066391,113,1201197
5688,0.059424933046102524,101,1201298
5689,-0.0037689507007598877,69,1201367
5690,0.11047108471393585,115,1201482
5691,-0.0462377555668354,107,1201589
5692,-0.011429008096456528,101,1201690
5693,0.01644851267337799,86,1201776
5694,-1.7680771350860596,433,1202209
5695,0.11121942847967148,289,1202498
5696,-4.331068515777588,361,1202859
5697,-0.003930237144231796,130,1202989
5698,-0.04787851870059967,242,1203231
5699,-0.04671911150217056,118,1203349
5700,0.05590089410543442,98,1203447
5701,-4.9104485511779785,502,1203949
5702,-3.056473731994629,307,1204256
5703,-0.010237161070108414,62,1204318
5704,-19.186431884765625,1027,1205345
5705,0.04679454118013382,124,1205469
5706,-5.759371280670166,458,1205927
5707,0.012301728129386902,82,1206009
5708,-0.04561994597315788,101,1206110
5709,-0.0701977089047432,327,1206437
5710,-6.283906936645508,531,1206968
5711,-7.692068576812744,557,1207525
5712,-0.008174333721399307,72,1207597
5713,0.0373959019780159,100,1207697
5714,0.007755793631076813,113,1207810
5715,-0.046969007700681686,198,1208008
5716,-3.6054306030273438,344,1208352
5717,0.03671557828783989,91,1208443
5718,-1.1576710939407349,302,1208745
5719,-0.05070943012833595,371,1209116
5720,0.021310754120349884,83,1209199
5721,-0.013109691441059113,220,1209419
5722,0.09968049824237823,141,1209560
5723,0.011762455105781555,78,1209638
5724,0.11322666704654694,127,1209765
5725,-3.4518401622772217,493,1210258
5726,-0.013300135731697083,359,1210617
5727,-24.336111068725586,1196,1211813
5728,-0.008360780775547028,91,1211904
5729,0.055684853345155716,123,1212027
5730,-0.04611479490995407,109,1212136
5731,-0.01749359630048275,84,1212220
5732,-0.046571411192417145,86,1212306
5733,0.027627356350421906,86,1212392
5734,-5.977939605712891,442,1212834
5735,-6.044837951660156,543,1213377
5736,-0.0346299447119236,305,1213682
5737,-0.045955196022987366,101,1213783
5738,-0.04556546360254288,91,1213874
5739,-0.019630668684840202,304,1214178
5740,-0.023875603452324867,132,1214310
5741,-0.03904716297984123,95,1214405
5742,-0.042076002806425095,68,1214473
5743,0.018266286700963974,86,1214559
5744,0.11905664205551147,235,1214794
5745,0.034771211445331573,121,1214915
5746,0.0183926559984684,161,1215076
5747,0.17750009894371033,203,1215279
5748,0.08171652257442474,133,1215412
5749,-0.04699929803609848,134,1215546
5750,0.07881216704845428,118,1215664
5751,-16.164899826049805,809,1216473
5752,0.056653063744306564,109,1216582
5753,0.014074631035327911,98,1216680
5754,-0.04631858319044113,102,1216782
5755,-8.55587100982666,520,1217302
5756,-0.01719306781888008,66,1217368
5757,0.10160613805055618,154,1217522
5758,0.05567803233861923,124,1217646
5759,0.05147610977292061,96,1217742
5760,0.01170802116394043,105,1217847
5761,0.10097640752792358,130,1217977
5762,-0.04546824470162392,88,1218065
5763,0.07263579219579697,108,1218173
5764,-16.280548095703125,987,1219160
5765,-0.04618249833583832,128,1219288
5766,0.03247060626745224,122,1219410
5767,-0.04670605808496475,100,1219510
5768,0.03582131862640381,104,1219614
5769,0.004247896373271942,76,1219690
5770,-0.006154187023639679,100,1219790
5771,0.07625934481620789,136,1219926
5772,-5.422362327575684,389,1220315
5773,-0.9389365315437317,280,1220595
5774,0.08068227767944336,121,1220716
5775,0.060629162937402725,119,1220835
5776,-0.004609234631061554,73,1220908
5777,-0.4945577085018158,344,1221252
5778,-7.617011070251465,493,1221745
5779,0.0710676833987236,142,1221887
5780,0.023356687277555466,117,1222004
5781,-0.03929229825735092,87,1222091
5782,-0.009396582841873169,66,1222157
5783,0.08713284134864807,110,1222267
5784,-0.0460544191300869,131,1222398
5785,0.06098756939172745,118,1222516
5786,-0.009938403964042664,51,1222567
5787,0.02123493328690529,126,1222693
5788,-0.04579325392842293,119,1222812
5789,-0.006268147379159927,143,1222955
5790,-3.3427770137786865,463,1223418
5791,-11.896225929260254,661,1224079
5792,-0.046760234981775284,91,1224170
5793,-0.04671508073806763,171,1224341
5794,-14.091469764709473,769,1225110
5795,-0.046294111758470535,110,1225220
5796,-0.0459129735827446,69,1225289
5797,-0.039269547909498215,101,1225390
5798,-0.04621703550219536,75,1225465
5799,-0.021353501826524734,111,1225576
5800,-0.04650698974728584,157,1225733
5801,-0.04607563093304634,84,1225817
5802,-5.020673751831055,351,1226168
5803,-0.017330555245280266,105,1226273
5804,-0.006985276937484741,96,1226369
5805,-0.023211117833852768,110,1226479
5806,-0.04643171280622482,98,1226577
5807,-2.1427559852600098,332,1226909
5808,-0.04658619686961174,97,1227006
5809,-11.052729606628418,637,1227643
5810,-0.017959389835596085,61,1227704
5811,-0.0464293397963047,99,1227803
5812,-0.04672880843281746,92,1227895
5813,-0.04667366296052933,187,1228082
5814,-12.753427505493164,665,1228747
5815,-6.514613151550293,370,1229117
5816,-0.04576439410448074,51,1229168
5817,0.0243147574365139,246,1229414
5818,-0.016350677236914635,66,1229480
5819,-0.028560150414705276,89,1229569
5820,0.01759602501988411,100,1229669
5821,-4.965315341949463,383,1230052
5822,0.06733417510986328,117,1230169
5823,-4.715403079986572,424,1230593
5824,-0.014323065057396889,72,1230665
5825,-0.04642334207892418,76,1230741
5826,-0.7285207509994507,262,1231003
5827,-0.029428822919726372,111,1231114
5828,-0.04651635140180588,171,1231285
5829,-0.046006299555301666,65,1231350
5830,-1.6050606966018677,328,1231678
5831,-0.04651126265525818,99,1231777
5832,0.07267574965953827,118,1231895
5833,-0.045891012996435165,66,1231961
5834,-0.019521232694387436,110,1232071
5835,-6.920968055725098,446,1232517
5836,-0.04649362340569496,97,1232614
5837,0.00510609894990921,109,1232723
5838,-0.046230677515268326,107,1232830
5839,0.06610321253538132,123,1232953
5840,0.03666267544031143,105,1233058
5841,-0.02012152411043644,48,1233106
5842,0.0164833702147007,100,1233206
5843,-0.04585951194167137,56,1233262
5844,-0.04650071635842323,100,1233362
5845,-0.04579445347189903,55,1233417
5846,-8.131974220275879,503,1233920
5847,0.05465492606163025,110,1234030
5848,-0.045827753841876984,94,1234124
5849,0.030798476189374924,101,1234225
5850,-0.0014049448072910309,67,1234292
5851,0.05947411060333252,120,1234412
5852,0.01933138817548752,79,1234491
5853,-0.04053772613406181,123,1234614
5854,0.08165642619132996,121,1234735
5855,0.037750326097011566,100,1234835
5856,-0.046148572117090225,112,1234947
5857,-0.02715582400560379,57,1235004
5858,-0.04594981670379639,108,1235112
5859,-10.367505073547363,691,1235803
5860,0.09492796659469604,122,1235925
5861,-0.0013270303606987,105,1236030
5862,-0.04711270332336426,194,1236224
5863,-6.145458698272705,476,1236700
5864,0.024961531162261963,87,1236787
5865,0.03343003988265991,104,1236891
5866,-4.050161361694336,379,1237270
5867,-0.0463232584297657,102,1237372
5868,-0.04600510001182556,113,1237485
5869,-0.04668443277478218,114,1237599
5870,0.07630689442157745,117,1237716
5871,-0.04685186967253685,103,1237819
5872,-0.0474824383854866,391,1238210
5873,0.04275279864668846,105,1238315
5874,0.1386604607105255,140,1238455
5875,0.11373533308506012,125,1238580
5876,-0.025669464841485023,87,1238667
5877,0.010440584272146225,106,1238773
5878,0.03608769178390503,95,1238868
5879,-0.046645909547805786,115,1238983
5880,-0.03747926279902458,97,1239080
5881,-0.0009230747818946838,102,1239182
5882,-0.05018541216850281,367,1239549
5883,-0.04665509983897209,95,1239644
5884,0.025848742574453354,101,1239745
5885,-0.04687066376209259,93,1239838
5886,-0.04684586077928543,91,1239929
5887,0.023389369249343872,81,1240010
5888,0.04599080607295036,160,1240170
5889,0.04691450670361519,98,1240268
5890,0.02968982234597206,95,1240363
5891,0.043028052896261215,101,1240464
5892,0.04078324884176254,98,1240562
5893,-0.023192279040813446,67,1240629
5894,-2.0368919372558594,439,1241068
5895,-0.009792231023311615,96,1241164
5896,0.07170470058917999,106,1241270
5897,0.003143586218357086,84,1241354
5898,0.014496464282274246,81,1241435
5899,0.01184229925274849,95,1241530
5900,-4.83168888092041,377,1241907
5901,0.06957338750362396,107,1242014
5902,0.03284384682774544,86,1242100
5903,-0.021397333592176437,97,1242197
5904,0.030258331447839737,95,1242292
5905,-0.04781755432486534,136,1242428
5906,0.059014178812503815,143,1242571
5907,-11.184199333190918,681,1243252
5908,0.020846888422966003,116,1243368
5909,-0.0006140731275081635,112,1243480
5910,0.026465844362974167,98,1243578
5911,-0.028590073809027672,174,1243752
5912,-8.53386402130127,508,1244260
5913,-4.29006814956665,353,1244613
5914,-0.008577615022659302,71,1244684
5915,-0.04572266340255737,106,1244790
5916,0.03586486354470253,91,1244881
5917,0.1112353652715683,123,1245004
5918,0.0372360460460186,115,1245119
5919,0.01010163500905037,100,1245219
5920,0.04727160185575485,104,1245323
5921,-0.0478685088455677,247,1245570
5922,-0.04741128906607628,131,1245701
5923,0.042284633964300156,101,1245802
5924,-5.811499118804932,447,1246249
5925,-0.04607165604829788,121,1246370
5926,0.029179874807596207,110,1246480
5927,-12.443563461303711,610,1247090
5928,-0.0119730643928051,122,1247212
5929,-0.04634515568614006,87,1247299
5930,0.012771759182214737,112,1247411
5931,-0.04578164592385292,58,1247469
5932,-0.022739456966519356,58,1247527
5933,0.05201226472854614,111,1247638
5934,-0.011323943734169006,57,1247695
5935,-0.046006105840206146,94,1247789
5936,-0.046824123710393906,91,1247880
5937,-5.694159507751465,451,1248331
5938,-0.046699900180101395,104,1248435
5939,0.060009244829416275,107,1248542
5940,-0.046041470021009445,63,1248605
5941,-0.04855550080537796,281,1248886
5942,-0.046176232397556305,96,1248982
5943,0.04171071574091911,99,1249081
5944,0.04378456622362137,103,1249184
5945,0.03473690152168274,98,1249282
5946,-0.046736110001802444,97,1249379
5947,-0.04705354943871498,175,1249554
5948,-0.0006231255829334259,65,1249619
5949,0.08931942284107208,113,1249732
5950,-0.005052357912063599,70,1249802
5951,-0.04680943489074707,90,1249892
5952,-0.008271701633930206,100,1249992
5953,-1.0501328706741333,283,1250275
5954,-0.046779945492744446,217,1250492
5955,-0.04845147207379341,198,1250690
5956,-0.04656520485877991,113,1250803
5957,-0.04678152874112129,96,1250899
5958,0.07227039337158203,105,1251004
5959,0.015681441873311996,103,1251107
5960,-4.585663318634033,337,1251444
5961,0.09694933891296387,133,1251577
5962,0.04460825398564339,91,1251668
5963,0.018610551953315735,118,1251786
5964,-0.04656272381544113,103,1251889
5965,0.05072924494743347,123,1252012
5966,0.09651079028844833,120,1252132
5967,0.056506335735321045,105,1252237
5968,0.04637528210878372,101,1252338
5969,0.02657463029026985,94,1252432
5970,-0.04610253870487213,69,1252501
5971,-0.02292459085583687,84,1252585
5972,-0.04676758870482445,94,1252679
5973,-0.024899162352085114,127,1252806
5974,-0.036273788660764694,90,1252896
5975,0.008707091212272644,81,1252977
5976,-0.037377167493104935,113,1253090
5977,-0.048259541392326355,162,1253252
5978,-0.040421564131975174,81,1253333
5979,-0.0468786358833313,85,1253418
5980,-0.020427335053682327,48,1253466
5981,-0.04449014365673065,80,1253546
5982,-0.01670548878610134,83,1253629
5983,-0.0053762346506118774,96,1253725
5984,0.07816039770841599,129,1253854
5985,-0.01744084618985653,48,1253902
5986,-0.04574801027774811,50,1253952
5987,-0.021982360631227493,43,1253995
5988,-0.04708549752831459,111,1254106
5989,-0.004845619201660156,96,1254202
5990,0.03804102540016174,100,1254302
5991,-0.025662630796432495,90,1254392
5992,0.051135074347257614,111,1254503
5993,0.030491236597299576,94,1254597
5994,-0.04638814926147461,79,1254676
5995,-5.156101703643799,492,1255168
5996,-0.04293321073055267,92,1255260
5997,-0.01858700066804886,87,1255347
5998,0.04959927871823311,101,1255448
5999,-0.045779503881931305,95,1255543
6000,-0.03813751041889191,61,1255604
6001,0.04483206570148468,101,1255705
6002,0.02155962958931923,85,1255790
6003,-1.809262752532959,274,1256064
6004,-0.04682804271578789,91,1256155
6005,-2.590815782546997,400,1256555
6006,0.052806053310632706,102,1256657
6007,-2.805846929550171,294,1256951
6008,-0.009523425251245499,105,1257056
6009,0.004834622144699097,95,1257151
6010,-0.04529910534620285,65,1257216
6011,-0.001176200807094574,68,1257284
6012,-0.04627992957830429,121,1257405
6013,0.05176104977726936,107,1257512
6014,-0.045952849090099335,107,1257619
6015,0.022934366017580032,98,1257717
6016,-0.04667338356375694,97,1257814
6017,0.010760549455881119,104,1257918
6018,-0.04641031101346016,92,1258010
6019,-0.04119616746902466,62,1258072
6020,-0.04675561562180519,103,1258175
6021,-0.022601963952183723,92,1258267
6022,-0.04594014212489128,74,1258341
6023,0.02537567913532257,96,1258437
6024,-0.04677551984786987,98,1258535
6025,0.030159827321767807,91,1258626
6026,-6.611731052398682,411,1259037
6027,0.07615558058023453,110,1259147
6028,0.007905364036560059,79,1259226
6029,-0.04630499333143234,75,1259301
6030,-0.04617947340011597,79,1259380
6031,-0.046440817415714264,116,1259496
6032,-0.04735749959945679,124,1259620
6033,-0.04717624559998512,124,1259744
6034,-0.018163513392210007,69,1259813
6035,0.1277710199356079,135,1259948
6036,-0.04602581262588501,104,1260052
6037,0.05859193578362465,108,1260160
6038,-0.015015652403235435,70,1260230
6039,0.052978843450546265,109,1260339
6040,-4.46779727935791,349,1260688
6041,0.0467294305562973,192,1260880
6042,-0.036902301013469696,66,1260946
6043,0.008218873292207718,99,1261045
6044,-0.04676319658756256,91,1261136
6045,-0.046994514763355255,94,1261230
6046,-0.047028906643390656,115,1261345
6047,-0.026459364220499992,92,1261437
6048,0.014635436236858368,86,1261523
6049,-3.07596755027771,426,1261949
6050,-0.04644055664539337,107,1262056
6051,-0.005769014358520508,158,1262214
6052,-0.29656198620796204,220,1262434
6053,-0.04739358648657799,198,1262632
6054,0.035215090960264206,107,1262739
6055,0.003205779939889908,70,1262809
6056,0.02400420606136322,89,1262898
6057,-1.0428409576416016,254,1263152
6058,-0.04688131809234619,182,1263334
6059,0.013798154890537262,92,1263426
6060,-3.33073091506958,312,1263738
6061,-0.045964453369379044,83,1263821
6062,0.05379475653171539,170,1263991
6063,-0.04610138013958931,100,1264091
6064,-0.022798534482717514,51,1264142
6065,0.014423523098230362,83,1264225
6066,-2.75878643989563,317,1264542
6067,0.06292800605297089,150,1264692
6068,-0.042687203735113144,101,1264793
6069,-4.388050556182861,400,1265193
6070,-0.04637071490287781,105,1265298
6071,-20.366924285888672,1275,1266573
6072,0.05303210765123367,111,1266684
6073,-0.04615852236747742,69,1266753
6074,-5.001527786254883,379,1267132
6075,0.04286876693367958,103,1267235
6076,-1.1591284275054932,296,1267531
6077,-0.04646749794483185,73,1267604
6078,-0.004448272287845612,65,1267669
6079,-0.04669562354683876,82,1267751
6080,-0.019260533154010773,56,1267807
6081,0.03568986803293228,88,1267895
6082,-1.8226453065872192,293,1268188
6083,0.024891655892133713,89,1268277
6084,0.052244897931814194,98,1268375
6085,-0.025532495230436325,54,1268429
6086,-2.944673776626587,355,1268784
6087,-4.771488666534424,362,1269146
6088,-0.16305404901504517,245,1269391
6089,0.07249382138252258,113,1269504
6090,-0.046156831085681915,85,1269589
6091,0.09429178386926651,126,1269715
6092,0.02966417372226715,95,1269810
6093,-0.04578329622745514,103,1269913
6094,-0.002793721854686737,224,1270137
6095,-17.549453735351562,1081,1271218
6096,0.02075308933854103,92,1271310
6097,0.05931089073419571,213,1271523
6098,0.040002577006816864,97,1271620
6099,0.06436645984649658,109,1271729
6100,0.0459887720644474,104,1271833
6101,0.11574013531208038,132,1271965
6102,-0.04872754588723183,159,1272124
6103,-0.0469132661819458,103,1272227
6104,-0.04525452107191086,95,1272322
6105,-0.047031160444021225,94,1272416
6106,0.02677103504538536,94,1272510
6107,-0.04583146050572395,86,1272596
6108,-0.04820336401462555,241,1272837
6109,-0.01758131943643093,53,1272890
6110,-0.03995653614401817,109,1272999
6111,-0.018637673929333687,58,1273057
6112,-6.37626838684082,449,1273506
6113,-0.043253812938928604,107,1273613
6114,0.09569263458251953,130,1273743
6115,-0.03130338340997696,121,1273864
6116,-7.303630352020264,449,1274313
6117,0.04809902608394623,117,1274430
6118,-0.04665922746062279,97,1274527
6119,0.02028854936361313,112,1274639
6120,-15.320281982421875,847,1275486
6121,0.026212617754936218,103,1275589
6122,-0.0465531088411808,105,1275694
6123,-0.04113702103495598,81,1275775
6124,0.034592196345329285,102,1275877
6125,-7.1653289794921875,464,1276341
6126,-9.504545211791992,520,1276861
6127,0.07451195269823074,111,1276972
6128,-0.03756231442093849,95,1277067
6129,-0.04694170132279396,114,1277181
6130,-3.699538230895996,313,1277494
6131,-4.793304920196533,368,1277862
6132,-0.04698789119720459,95,1277957
6133,0.02424103394150734,93,1278050
6134,-11.189115524291992,579,1278629
6135,0.05104647949337959,104,1278733
6136,0.03882531821727753,98,1278831
6137,-0.316275030374527,268,1279099
6138,-0.04809783399105072,210,1279309
6139,-1.610131859779358,263,1279572
6140,-2.5625526905059814,410,1279982
6141,-0.027764933183789253,98,1280080
6142,-0.046214230358600616,105,1280185
6143,-0.04608073830604553,63,1280248
6144,-0.044331494718790054,94,1280342
6145,-0.03935129940509796,96,1280438
6146,0.034730780869722366,119,1280557
6147,0.06832905858755112,111,1280668
6148,-0.0468178316950798,88,1280756
6149,0.04008044674992561,125,1280881
6150,-0.03928304836153984,66,1280947
6151,0.052555833011865616,102,1281049
6152,-2.3982760906219482,279,1281328
6153,0.13568110764026642,277,1281605
6154,0.02564440295100212,93,1281698
6155,-2.771501064300537,369,1282067
6156,-0.02445738948881626,67,1282134
6157,-3.506814479827881,353,1282487
6158,-9.473145484924316,506,1282993
6159,-0.010589059442281723,99,1283092
6160,-0.04733448475599289,191,1283283
6161,0.01774241402745247,120,1283403
6162,-5.869619369506836,396,1283799
6163,-0.04263653606176376,57,1283856
6164,0.04556822404265404,104,1283960
6165,-0.046328574419021606,72,1284032
6166,-0.07292047142982483,371,1284403
6167,0.006356433033943176,96,1284499
6168,0.04637638479471207,99,1284598
6169,-0.02356209047138691,82,1284680
6170,0.02445002645254135,91,1284771
6171,-11.693772315979004,672,1285443
6172,-0.008836280554533005,57,1285500
6173,0.03625737875699997,97,1285597
6174,0.021639473736286163,102,1285699
6175,0.07490091770887375,116,1285815
6176,-2.5179636478424072,387,1286202
6177,-0.04714641347527504,95,1286297
6178,-2.5328855514526367,306,1286603
6179,-0.048355355858802795,202,1286805
6180,0.050952594727277756,113,1286918
6181,-6.651569366455078,429,1287347
6182,0.05214817449450493,103,1287450
6183,-0.04438713937997818,54,1287504
6184,-0.007547639310359955,73,1287577
6185,-0.04643138125538826,111,1287688
6186,-0.008761920034885406,115,1287803
6187,-0.0143363606184721,98,1287901
6188,-0.02306886948645115,52,1287953
6189,-4.443891525268555,332,1288285
6190,-1.8757470846176147,320,1288605
6191,-11.934781074523926,624,1289229
6192,-0.046360041946172714,137,1289366
6193,-6.666446685791016,423,1289789
6194,-0.04720975086092949,108,1289897
6195,0.08220818638801575,146,1290043
6196,-8.529409408569336,506,1290549
6197,-0.012125711888074875,92,1290641
6198,-6.515187740325928,432,1291073
6199,0.06516619026660919,125,1291198
6200,0.1391526460647583,301,1291499
6201,-0.0015483759343624115,82,1291581
6202,-0.046989813446998596,112,1291693
6203,0.13801784813404083,228,1291921
6204,-0.005211502313613892,66,1291987
6205,0.02862231805920601,99,1292086
6206,0.024310264736413956,95,1292181
6207,0.049162525683641434,106,1292287
6208,-1.5538170337677002,399,1292686
6209,-0.029339350759983063,148,1292834
6210,-0.04824468865990639,173,1293007
6211,-3.5997114181518555,308,1293315
6212,-4.873130798339844,466,1293781
6213,0.005646716803312302,85,1293866
6214,-0.07554379850625992,268,1294134
6215,-4.716812610626221,355,1294489
6216,-0.5373387336730957,237,1294726
6217,-0.04689660668373108,92,1294818
6218,-0.04650239273905754,110,1294928
6219,0.06730811297893524,123,1295051
6220,-30.616945266723633,1449,1296500
6221,-0.04614787548780441,60,1296560
6222,-4.133047580718994,412,1296972
6223,-10.028212547302246,586,1297558
6224,0.06015366315841675,355,1297913
6225,-0.028768841177225113,70,1297983
6226,-0.04558669403195381,200,1298183
6227,0.015951167792081833,102,1298285
6228,-0.022258231416344643,48,1298333
6229,-6.876356601715088,427,1298760
6230,-0.04490497335791588,67,1298827
6231,0.019050095230340958,91,1298918
6232,0.02382173016667366,107,1299025
6233,0.043382514268159866,108,1299133
6234,-0.047361161559820175,139,1299272
6235,0.008395355194807053,94,1299366
6236,-7.7736053466796875,499,1299865
6237,0.06249989569187164,111,1299976
6238,-0.04761315882205963,155,1300131
6239,0.12592929601669312,204,1300335
6240,-6.33191442489624,441,1300776
6241,-0.046134043484926224,58,1300834
6242,-1.0842965841293335,433,1301267
6243,-0.036257676780223846,106,1301373
6244,-0.030954929068684578,51,1301424
6245,-0.01963060349225998,110,1301534
6246,-0.019241325557231903,78,1301612
6247,-0.04611542448401451,114,1301726
6248,-22.065324783325195,1256,1302982
6249,-0.011420410126447678,94,1303076
6250,-1.5217556953430176,289,1303365
6251,0.05944235995411873,107,1303472
6252,-2.2796566486358643,303,1303775
6253,0.004764974117279053,105,1303880
6254,0.20358848571777344,261,1304141
6255,-22.662996292114258,1138,1305279
6256,0.07394717633724213,126,1305405
6257,-0.046779125928878784,183,1305588
6258,-0.046302761882543564,75,1305663
6259,-3.3642001152038574,305,1305968
6260,-0.0016710571944713593,125,1306093
6261,0.20478734374046326,249,1306342
6262,-5.972589015960693,402,1306744
6263,-7.522262096405029,400,1307144
6264,-8.381804466247559,483,1307627
6265,0.024360664188861847,101,1307728
6266,-1.7717036008834839,272,1308000
6267,-5.579220771789551,360,1308360
6268,-0.011582639068365097,99,1308459
6269,0.022109951823949814,87,1308546
6270,0.0679699257016182,104,1308650
6271,-4.304903507232666,330,1308980
6272,-1.3040062189102173,267,1309247
6273,0.02898196130990982,143,1309390
6274,0.01621967926621437,91,1309481
6275,-2.2963993549346924,297,1309778
6276,-0.046626538038253784,108,1309886
6277,-0.04633703455328941,82,1309968
6278,-0.025122424587607384,91,1310059
6279,-0.008420992642641068,119,1310178
6280,0.03385401889681816,120,1310298
6281,-1.3052698373794556,267,1310565
6282,-0.011095747351646423,132,1310697
6283,0.17849960923194885,238,1310935
6284,-5.621703147888184,427,1311362
6285,-2.7283523082733154,284,1311646
6286,0.030038751661777496,97,1311743
6287,-6.120457172393799,444,1312187
6288,-5.176088809967041,425,1312612
6289,-0.04692418500781059,114,1312726
6290,-3.0053939819335938,271,1312997
6291,0.029685020446777344,116,1313113
6292,-6.6094536781311035,424,1313537
6293,-0.0209626667201519,140,1313677
6294,-0.046769753098487854,88,1313765
6295,-0.04703603312373161,80,1313845
6296,-0.04644804447889328,108,1313953
6297,-0.04632802680134773,102,1314055
6298,0.006248500198125839,189,1314244
6299,-0.04612328112125397,119,1314363
6300,0.04473525658249855,123,1314486
6301,0.07046903669834137,118,1314604
6302,-11.945208549499512,618,1315222
6303,-0.04618002474308014,60,1315282
6304,0.03838643804192543,101,1315383
6305,0.03158148005604744,124,1315507
6306,-11.336813926696777,604,1316111
6307,-0.04671424627304077,96,1316207
6308,-0.04382406920194626,124,1316331
6309,0.0817626342177391,124,1316455
6310,-0.008268825709819794,61,1316516
6311,-0.6164926290512085,247,1316763
6312,-0.04757915809750557,127,1316890
6313,0.0046806782484054565,114,1317004
6314,0.03343619406223297,102,1317106
6315,-0.04681802913546562,109,1317215
6316,-26.481060028076172,1248,1318463
6317,-12.044262886047363,617,1319080
6318,-0.04701128602027893,91,1319171
6319,-0.04693152755498886,96,1319267
6320,0.00838543102145195,75,1319342
6321,0.05377285182476044,103,1319445
6322,0.07718794792890549,107,1319552
6323,0.059916701167821884,127,1319679
6324,-0.0464165024459362,77,1319756
6325,-0.02498278208076954,85,1319841
6326,-0.029303045943379402,135,1319976
6327,-0.040316469967365265,152,1320128
6328,-2.035362482070923,337,1320465
6329,-0.04861367121338844,199,1320664
6330,-0.00481443852186203,66,1320730
6331,-0.04246574267745018,117,1320847
6332,-0.046712327748537064,87,1320934
6333,0.0386958122253418,126,1321060
6334,-12.420717239379883,612,1321672
6335,-52.17235565185547,2400,1324072
6336,-0.050133876502513885,249,1324321
6337,-0.0468309260904789,98,1324419
6338,0.00781494751572609,98,1324517
6339,0.16458842158317566,241,1324758
6340,-4.090532302856445,338,1325096
6341,-12.809635162353516,672,1325768
6342,0.05727730318903923,106,1325874
6343,-0.017517535015940666,101,1325975
6344,-0.04705017805099487,90,1326065
6345,-0.04682181403040886,98,1326163
6346,-0.046837832778692245,107,1326270
6347,-0.04701363295316696,103,1326373
6348,-5.58333158493042,401,1326774
6349,0.0017650164663791656,81,1326855
6350,0.032934971153736115,96,1326951
6351,-4.414034843444824,316,1327267
6352,-0.5165216326713562,312,1327579
6353,-0.04665866121649742,101,1327680
6354,-12.691865921020508,647,1328327
6355,-0.047294020652770996,125,1328452
6356,-12.395499229431152,607,1329059
6357,0.05254772678017616,119,1329178
6358,-1.637398362159729,372,1329550
6359,-0.046289145946502686,103,1329653
6360,-2.1719863414764404,390,1330043
6361,-0.046961307525634766,105,1330148
6362,0.00118168443441391,102,1330250
6363,-0.008981291204690933,78,1330328
6364,-1.3407912254333496,259,1330587
6365,-0.04663914814591408,158,1330745
6366,0.06812424212694168,115,1330860
6367,0.03184250742197037,96,1330956
6368,-0.09878520667552948,270,1331226
6369,0.022882048040628433,102,1331328
6370,-0.04585258662700653,76,1331404
6371,-0.04642438143491745,133,1331537
6372,-0.008752815425395966,102,1331639
6373,-0.028348280116915703,115,1331754
6374,0.04226171597838402,97,1331851
6375,-0.04606155306100845,64,1331915
6376,-0.0066276006400585175,68,1331983
6377,0.005667705088853836,90,1332073
6378,0.030157029628753662,104,1332177
6379,0.03951193392276764,94,1332271
6380,-0.047054827213287354,94,1332365
6381,-0.04596802219748497,115,1332480
6382,-0.04642024636268616,79,1332559
6383,-12.900490760803223,723,1333282
6384,-0.04676523432135582,102,1333384
6385,-0.047254741191864014,111,1333495
6386,0.030825495719909668,95,1333590
6387,-0.03460713475942612,97,1333687
6388,0.06265967339277267,109,1333796
6389,-3.776585102081299,321,1334117
6390,-4.0571184158325195,356,1334473
6391,-0.0468987338244915,126,1334599
6392,0.003473028540611267,91,1334690
6393,-0.04693170264363289,96,1334786
6394,0.016478922218084335,81,1334867
6395,-0.04636870697140694,72,1334939
6396,0.03157399594783783,129,1335068
6397,-0.005286131054162979,70,1335138
6398,-0.025857701897621155,101,1335239
6399,0.006609372794628143,109,1335348
6400,-0.046280600130558014,102,1335450
6401,-0.04651493579149246,99,1335549
6402,-6.257626533508301,432,1335981
6403,-0.046838171780109406,85,1336066
6404,-3.6841554641723633,449,1336515
6405,-0.05936474725604057,343,1336858
6406,0.029714569449424744,91,1336949
6407,-12.43468952178955,606,1337555
6408,0.10970022529363632,343,1337898
6409,-0.04665257781744003,105,1338003
6410,-11.77419376373291,624,1338627
6411,0.011364772915840149,100,1338727
6412,-0.901283860206604,329,1339056
6413,0.013759654015302658,135,1339191
6414,-0.022560879588127136,124,1339315
6415,-0.04695839434862137,101,1339416
6416,-0.02050795406103134,65,1339481
6417,0.03248627111315727,100,1339581
6418,-0.3897174894809723,240,1339821
6419,-0.04713867977261543,92,1339913
6420,-0.04131227359175682,91,1340004
6421,0.0368381068110466,101,1340105
6422,-0.044104475528001785,102,1340207
6423,-7.227196216583252,452,1340659
6424,0.10957968980073929,132,1340791
6425,-5.950339317321777,419,1341210
6426,-0.04629644751548767,61,1341271
6427,0.031092599034309387,99,1341370
6428,-0.046386756002902985,62,1341432
6429,-33.85114288330078,1682,1343114
6430,-6.864944934844971,431,1343545
6431,-0.005184777081012726,72,1343617
6432,-3.1275970935821533,309,1343926
6433,-1.0023680925369263,332,1344258
6434,0.033658772706985474,106,1344364
6435,-0.03059978038072586,103,1344467
6436,-0.04742085561156273,153,1344620
6437,0.0625392496585846,111,1344731
6438,0.0462828204035759,94,1344825
6439,-0.04698026552796364,90,1344915
6440,-0.003196258097887039,63,1344978
6441,-5.767462730407715,403,1345381
6442,-0.004434544593095779,101,1345482
6443,0.10705748200416565,261,1345743
6444,-0.0034436024725437164,99,1345842
6445,-0.9794397354125977,296,1346138
6446,-0.027649614959955215,91,1346229
6447,0.06169389188289642,154,1346383
6448,-0.02762441150844097,101,1346484
6449,-0.017057951539754868,98,1346582
6450,0.012910090386867523,103,1346685
6451,-0.05793607607483864,376,1347061
6452,-0.04682336747646332,109,1347170
6453,-0.047091975808143616,125,1347295
6454,0.002853505313396454,95,1347390
6455,-0.04922832176089287,193,1347583
6456,0.030125726014375687,95,1347678
6457,0.05563852936029434,158,1347836
6458,-0.04772600904107094,224,1348060
6459,-0.006321299821138382,72,1348132
6460,-0.0467265248298645,117,1348249
6461,0.01575765758752823,133,1348382
6462,-0.025072164833545685,52,1348434
6463,0.01949864625930786,111,1348545
6464,0.04438621923327446,103,1348648
6465,0.04848523065447807,104,1348752
6466,0.005337901413440704,73,1348825
6467,0.0002574063837528229,66,1348891
6468,-0.04673733189702034,119,1349010
6469,-0.046363502740859985,101,1349111
6470,0.02567368745803833,90,1349201
6471,0.02755068615078926,265,1349466
6472,-13.572381019592285,740,1350206
6473,-0.004096191376447678,75,1350281
6474,0.07016816735267639,243,1350524
6475,0.00022698938846588135,111,1350635
6476,-0.046037767082452774,52,1350687
6477,-0.0401826836168766,111,1350798
6478,0.0967685729265213,130,1350928
6479,-19.857126235961914,977,1351905
6480,0.10302082449197769,244,1352149
6481,-0.008528061211109161,90,1352239
6482,0.012865617871284485,103,1352342
6483,-0.03679849952459335,59,1352401
6484,-0.01310480386018753,72,1352473
6485,0.03817906603217125,99,1352572
6486,-3.1256842613220215,314,1352886
6487,-0.0472906194627285,176,1353062
6488,-0.046462707221508026,103,1353165
6489,-0.03981829807162285,74,1353239
6490,-0.016755452379584312,74,1353313
6491,-0.04648814722895622,89,1353402
6492,0.03090408816933632,100,1353502
6493,-0.047171950340270996,100,1353602
6494,0.04123895615339279,100,1353702
6495,-7.022618770599365,498,1354200
6496,-0.04709399491548538,96,1354296
6497,0.052244409918785095,96,1354392
6498,-0.04656326398253441,110,1354502
6499,0.07402520626783371,106,1354608
6500,-0.012965146452188492,92,1354700
6501,-4.878653526306152,448,1355148
6502,-0.0460670068860054,86,1355234
6503,-0.04714202880859375,115,1355349
6504,0.028774693608283997,100,1355449
6505,0.11812290549278259,125,1355574
6506,0.04262885823845863,126,1355700
6507,-0.014440782368183136,50,1355750
6508,0.11500101536512375,140,1355890
6509,-0.04659777879714966,125,1356015
6510,-0.04607781767845154,92,1356107
6511,0.0091787651181221,83,1356190
6512,-20.194610595703125,1147,1357337
6513,0.004979901015758514,141,1357478
6514,-22.412946701049805,1220,1358698
6515,0.01398472860455513,136,1358834
6516,0.04991375654935837,131,1358965
6517,-2.372776746749878,535,1359500
6518,-0.015179034322500229,116,1359616
6519,-0.04771647974848747,156,1359772
6520,0.11332481354475021,206,1359978
6521,-0.036141254007816315,90,1360068
6522,-0.04652883857488632,91,1360159
6523,-0.04604069143533707,107,1360266
6524,0.1089022308588028,132,1360398
6525,-0.04616490378975868,94,1360492
6526,-1.2910857200622559,314,1360806
6527,-0.04684377834200859,106,1360912
6528,-0.03870845586061478,104,1361016
6529,0.024390555918216705,87,1361103
6530,-7.312719821929932,456,1361559
6531,0.026501495391130447,90,1361649
6532,-0.0317113921046257,67,1361716
6533,-0.04707149416208267,92,1361808
6534,0.04755549505352974,123,1361931
6535,-3.1173510551452637,306,1362237
6536,-0.04648657143115997,116,1362353
6537,0.04658218100667,102,1362455
6538,0.10489846020936966,230,1362685
6539,-10.34695816040039,574,1363259
6540,0.005827989429235458,122,1363381
6541,-0.000881444662809372,81,1363462
6542,0.054964493960142136,110,1363572
6543,0.07637345790863037,108,1363680
6544,-8.341529846191406,470,1364150
6545,-0.047146026045084,85,1364235
6546,0.04664837568998337,248,1364483
6547,-0.0470687672495842,113,1364596
6548,-0.0467611663043499,101,1364697
6549,0.06398420035839081,105,1364802
6550,-0.039478812366724014,94,1364896
6551,-0.046214573085308075,82,1364978
6552,-0.04728621989488602,114,1365092
6553,-0.008189234882593155,97,1365189
6554,-7.251447677612305,440,1365629
6555,-0.047088369727134705,94,1365723
6556,0.060665618628263474,106,1365829
6557,-2.6176905632019043,355,1366184
6558,-0.002259816974401474,96,1366280
6559,-0.04663100093603134,69,1366349
6560,-0.04727710410952568,131,1366480
6561,0.03106483817100525,94,1366574
6562,0.018546413630247116,252,1366826
6563,-3.9686262607574463,322,1367148
6564,-0.047137316316366196,94,1367242
6565,-10.701868057250977,584,1367826
6566,-0.047104522585868835,96,1367922
6567,-4.632198333740234,356,1368278
6568,-0.046433594077825546,117,1368395
6569,-8.945662498474121,505,1368900
6570,0.030262667685747147,92,1368992
6571,-6.414483547210693,392,1369384
6572,-3.368586778640747,363,1369747
6573,0.029005669057369232,92,1369839
6574,-0.043923575431108475,126,1369965
6575,-0.046901293098926544,86,1370051
6576,0.09737320244312286,128,1370179
6577,-1.9251154661178589,277,1370456
6578,-0.033992525190114975,83,1370539
6579,-3.8484601974487305,382,1370921
6580,-23.193471908569336,1166,1372087
6581,-0.04276697337627411,110,1372197
6582,0.028706490993499756,91,1372288
6583,-0.04593328759074211,88,1372376
6584,0.008783843368291855,140,1372516
6585,-2.212021589279175,341,1372857
6586,0.012426991015672684,91,1372948
6587,-4.26526403427124,448,1373396
6588,0.026690777391195297,103,1373499
6589,-0.020622357726097107,157,1373656
6590,-5.6750946044921875,402,1374058
6591,-0.9295126795768738,337,1374395
6592,-0.0468749925494194,116,1374511
6593,-14.344337463378906,872,1375383
6594,0.08644946664571762,123,1375506
6595,-0.046500321477651596,79,1375585
6596,0.004131663590669632,85,1375670
6597,0.00035075843334198,104,1375774
6598,0.032397396862506866,92,1375866
6599,0.04485618323087692,120,1375986
6600,-0.012967433780431747,69,1376055
6601,-0.020932016894221306,56,1376111
6602,-0.04605933278799057,51,1376162
6603,-0.046022918075323105,101,1376263
6604,-0.04630376771092415,121,1376384
6605,-0.040152326226234436,89,1376473
6606,-6.204586982727051,409,1376882
6607,-0.0471922867000103,102,1376984
6608,0.04101991280913353,97,1377081
6609,0.03990856558084488,106,1377187
6610,-0.6435233354568481,286,1377473
6611,0.025798190385103226,102,1377575
6612,-0.04812101647257805,191,1377766
6613,-25.536157608032227,1171,1378937
6614,0.024742405861616135,106,1379043
6615,-0.04758237302303314,148,1379191
6616,0.02064763754606247,82,1379273
6617,0.0885881781578064,131,1379404
6618,-0.01890137605369091,135,1379539
6619,0.024483315646648407,86,1379625
6620,0.054359957575798035,102,1379727
6621,-12.751296043395996,621,1380348
6622,-8.567410469055176,498,1380846
6623,-0.04804869741201401,128,1380974
6624,-12.430142402648926,785,1381759
6625,-0.01157638430595398,100,1381859
6626,-0.046205729246139526,74,1381933
6627,0.0539696179330349,108,1382041
6628,-9.819725036621094,713,1382754
6629,-0.046274807304143906,58,1382812
6630,0.101882204413414,223,1383035
6631,0.03454852104187012,99,1383134
6632,-0.0465703047811985,139,1383273
6633,-0.029510200023651123,91,1383364
6634,0.058917686343193054,108,1383472
6635,0.14986322820186615,246,1383718
6636,-0.04901694878935814,189,1383907
6637,-0.048037946224212646,138,1384045
6638,0.02413889393210411,91,1384136
6639,0.03528160601854324,96,1384232
6640,-0.036753106862306595,97,1384329
6641,0.10956967622041702,119,1384448
6642,-0.03783722594380379,76,1384524
6643,0.10366086661815643,126,1384650
6644,-0.017992254346609116,66,1384716
6645,-0.04994698613882065,254,1384970
6646,-0.02520662546157837,132,1385102
6647,-0.04642278701066971,101,1385203
6648,-0.03861379250884056,90,1385293
6649,0.03682893514633179,93,1385386
6650,-0.012842491269111633,73,1385459
6651,-0.04609498009085655,98,1385557
6652,-0.03126925975084305,84,1385641
6653,0.1273067444562912,183,1385824
6654,-0.04674344137310982,121,1385945
6655,-0.04634643718600273,91,1386036
6656,0.002599000930786133,113,1386149
6657,0.086646169424057,122,1386271
6658,-6.606537818908691,413,1386684
6659,-0.04602203145623207,48,1386732
6660,-0.010076254606246948,90,1386822
6661,-8.449705123901367,472,1387294
6662,0.009339932352304459,90,1387384
6663,0.004088845103979111,92,1387476
6664,-0.04719144478440285,96,1387572
6665,-0.04608452320098877,101,1387673
6666,-29.4381046295166,1447,1389120
6667,-0.04649852216243744,98,1389218
6668,0.033045873045921326,124,1389342
6669,-0.022474493831396103,47,1389389
6670,0.01812773570418358,108,1389497
6671,-12.550745010375977,619,1390116
6672,0.02386775240302086,90,1390206
6673,-0.02359941601753235,155,1390361
6674,-0.009412165731191635,98,1390459
6675,-0.03937385231256485,98,1390557
6676,-0.04635009169578552,94,1390651
6677,-0.04774463176727295,129,1390780
6678,0.013805843889713287,103,1390883
6679,-0.04700719565153122,94,1390977
6680,-0.028650671243667603,98,1391075
6681,-0.04666997864842415,159,1391234
6682,-0.005701448768377304,105,1391339
6683,-5.928888320922852,370,1391709
6684,0.049408264458179474,169,1391878
6685,-0.005721043795347214,95,1391973
6686,0.022886328399181366,91,1392064
6687,0.03081519529223442,138,1392202
6688,-0.046531662344932556,136,1392338
6689,0.03749224916100502,174,1392512
6690,-0.009226076304912567,84,1392596
6691,0.02839859202504158,92,1392688
6692,-0.04673776403069496,115,1392803
6693,0.03509274870157242,98,1392901
6694,0.03159003332257271,94,1392995
6695,-0.009189993143081665,81,1393076
6696,-0.045075710862874985,205,1393281
6697,0.0037188082933425903,104,1393385
